3 0.015625 0.52578125 0.030859375 0.0796875
3 0.0265625 0.78203125 0.053125 0.1046875
3 0.0296875 0.95390625 0.059375 0.0890625
3 0.0359375 0.603125 0.07109375 0.07578125
3 0.021875 0.6796875 0.037890625 0.07265625
3 0.0421875 0.4296875 0.0609375 0.0640625
3 0.04765625 0.3015625 0.065625 0.05234375
3 0.065625 0.6796875 0.0765625 0.11015625
3 0.06875 0.8734375 0.06953125 0.09140625
3 0.071875 0.546875 0.06796875 0.11015625
3 0.065625 0.48984375 0.04296875 0.0515625
3 0.0921875 0.7765625 0.06875 0.11640625
3 0.0953125 0.9453125 0.075390625 0.08125
3 0.0875 0.265625 0.03984375 0.0578125
3 0.1171875 0.59609375 0.065234375 0.0796875
3 0.1125 0.32109375 0.04375 0.0640625
3 0.12578125 0.51171875 0.0546875 0.07734375
3 0.13359375 0.86484375 0.06015625 0.0984375
3 0.140625 0.6796875 0.06875 0.0890625
3 0.1390625 0.27421875 0.025390625 0.040625
3 0.1546875 0.57265625 0.05234375 0.070703125
3 0.16953125 0.93359375 0.06484375 0.08125
3 0.16328125 0.4421875 0.0421875 0.0734375
3 0.171875 0.74375 0.0546875 0.0890625
3 0.1640625 0.32578125 0.0375 0.0625
3 0.1875 0.5015625 0.06015625 0.07578125
3 0.19921875 0.84453125 0.067578125 0.09375
3 0.196875 0.6625 0.05859375 0.08515625
3 0.18359375 0.28359375 0.023828125 0.046875
3 0.2125 0.33203125 0.03671875 0.0390625
3 0.22578125 0.91953125 0.06015625 0.11015625
3 0.23046875 0.7265625 0.061328125 0.090234375
3 0.22734375 0.4578125 0.0484375 0.04609375
3 0.21796875 0.29296875 0.0234375 0.0234375
3 0.234375 0.58984375 0.04609375 0.071875
3 0.24453125 0.50859375 0.045703125 0.0828125
3 0.25390625 0.64765625 0.0578125 0.0796875
3 0.265625 0.8375 0.07421875 0.108984375
3 0.26015625 0.3296875 0.03671875 0.03515625
3 0.2578125 0.28828125 0.02734375 0.013671875
3 0.27265625 0.4515625 0.0390625 0.05859375
3 0.29296875 0.715625 0.0515625 0.075390625
3 0.2875 0.58203125 0.03671875 0.0515625
3 0.28828125 0.49140625 0.034375 0.0953125
3 0.296875 0.89296875 0.0484375 0.1046875
3 0.30625 0.33984375 0.04453125 0.0578125
3 0.3109375 0.63984375 0.04765625 0.0640625
3 0.32421875 0.8171875 0.064453125 0.090625
3 0.315625 0.446875 0.0421875 0.02890625
3 0.334375 0.38203125 0.0578125 0.0578125
3 0.34375 0.58671875 0.0421875 0.05
3 0.346875 0.52421875 0.04921875 0.086328125
3 0.3515625 0.7203125 0.05859375 0.077734375
3 0.3546875 0.88125 0.05859375 0.06875
3 0.359375 0.33984375 0.04921875 0.0578125
3 0.3640625 0.64609375 0.0453125 0.06328125
3 0.365625 0.44453125 0.04296875 0.060546875
3 0.37890625 0.79765625 0.05390625 0.0921875
3 0.3796875 0.38671875 0.03203125 0.05546875
3 0.3875 0.58125 0.030859375 0.062109375
3 0.39921875 0.71015625 0.045703125 0.076171875
3 0.4078125 0.4390625 0.05 0.071875
3 0.4125 0.65 0.056640625 0.099609375
3 0.41015625 0.33359375 0.04453125 0.04609375
3 0.4265625 0.52890625 0.03515625 0.06640625
3 0.43046875 0.3953125 0.03828125 0.08515625
3 0.4375 0.69140625 0.03046875 0.03125
3 0.44765625 0.58984375 0.0421875 0.071875
3 0.4578125 0.4234375 0.04140625 0.05234375
3 0.47109375 0.63515625 0.045703125 0.058203125
3 0.4703125 0.54140625 0.0421875 0.06328125
3 0.49375 0.59375 0.02578125 0.075390625
3 0.76953125 0.4671875 0.042578125 0.046484375
3 0.771875 0.5203125 0.03046875 0.05703125
3 0.78671875 0.553125 0.03984375 0.053125
3 0.80234375 0.51171875 0.0375 0.0421875
3 0.8171875 0.46953125 0.03828125 0.05859375
3 0.8171875 0.59375 0.037890625 0.041015625
3 0.8234375 0.56171875 0.03359375 0.069921875
3 0.85234375 0.56171875 0.0453125 0.03671875
3 0.84453125 0.53046875 0.021875 0.040625
3 0.85390625 0.59921875 0.03515625 0.0421875
3 0.853125 0.49453125 0.02578125 0.061328125