3 0.05703125 0.784375 0.091796875 0.084375
3 0.08984375 0.671875 0.059375 0.034375
3 0.10078125 0.73125 0.01875 0.015625
3 0.1140625 0.74765625 0.015625 0.010546875
3 0.13046875 0.7796875 0.020703125 0.015234375
3 0.14296875 0.73984375 0.023046875 0.01875
3 0.20078125 0.72890625 0.025 0.011328125
3 0.2125 0.7390625 0.021484375 0.02109375
3 0.23671875 0.6484375 0.03125 0.01875
3 0.2375 0.7484375 0.025 0.015625
3 0.2609375 0.7765625 0.012109375 0.009765625
3 0.28046875 0.62890625 0.02734375 0.0171875
3 0.27734375 0.77578125 0.01796875 0.015625
3 0.28125 0.6078125 0.025 0.01328125
3 0.33515625 0.828125 0.01328125 0.0140625
3 0.34296875 0.65078125 0.015625 0.013671875
3 0.35546875 0.8140625 0.01328125 0.01015625
3 0.36953125 0.828125 0.01796875 0.0140625
3 0.38046875 0.6546875 0.017578125 0.01015625
3 0.38203125 0.7875 0.015625 0.012109375
3 0.3828125 0.72890625 0.012890625 0.011328125
3 0.38828125 0.5765625 0.013671875 0.0125
3 0.3890625 0.78125 0.015625 0.00859375
3 0.4140625 0.7328125 0.037890625 0.043359375
3 0.41171875 0.596875 0.020703125 0.025390625
3 0.41640625 0.6390625 0.03046875 0.0171875
3 0.4140625 0.80390625 0.01171875 0.00859375
3 0.49296875 0.6203125 0.028125 0.0203125
3 0.49296875 0.76796875 0.01328125 0.0140625
3 0.5390625 0.5140625 0.028125 0.01640625
3 0.5421875 0.65625 0.03046875 0.0140625
3 0.559375 0.67578125 0.022265625 0.020703125
3 0.56796875 0.47578125 0.02109375 0.0203125
3 0.58671875 0.64375 0.028125 0.01875
3 0.60078125 0.66953125 0.01875 0.015625