0 0.4296875 0.74140625 0.80390625 0.515625
0 0.31796875 0.23828125 0.014453125 0.017578125
0 0.3359375 0.2546875 0.015625 0.015234375
0 0.34921875 0.23125 0.0140625 0.02109375
0 0.60625 0.28046875 0.115234375 0.0578125
0 0.7359375 0.25078125 0.0078125 0.009375
0 0.7484375 0.2875 0.0078125 0.01328125
0 0.77265625 0.98203125 0.0328125 0.03359375
0 0.7703125 0.259375 0.01015625 0.0078125
0 0.78125 0.36171875 0.01328125 0.0109375
0 0.78203125 0.27734375 0.009375 0.0078125
0 0.8109375 0.2890625 0.01015625 0.009375
0 0.81171875 0.38125 0.01171875 0.01015625
0 0.81484375 0.296875 0.0078125 0.009375
0 0.82578125 0.29375 0.008203125 0.00703125
0 0.884375 0.31875 0.087109375 0.037890625
0 0.8828125 0.3640625 0.0109375 0.01328125
0 0.9015625 0.43828125 0.00859375 0.0109375
0 0.9265625 0.4484375 0.0140625 0.009375