0 0.00859375 0.40859375 0.0171875 0.036328125
0 0.00859375 0.43828125 0.0171875 0.0421875
0 0.009375 0.3296875 0.01875 0.075
0 0.01328125 0.13203125 0.0265625 0.048046875
0 0.065625 0.21328125 0.13125 0.195703125
0 0.0046875 0.25859375 0.00859375 0.04375
0 0.07734375 0.5296875 0.154296875 0.259765625
0 0.18046875 0.5578125 0.21953125 0.28828125
0 0.178125 0.3421875 0.187109375 0.17734375
0 0.31328125 0.40234375 0.214453125 0.246875
0 0.3671875 0.60859375 0.2125 0.283203125
0 0.4125 0.275 0.169140625 0.234375
0 0.3734375 0.53125 0.08359375 0.09921875
0 0.5578125 0.43046875 0.3140625 0.32265625
0 0.53125 0.64296875 0.2203125 0.3078125
0 0.6515625 0.30703125 0.26640625 0.271875
0 0.7125 0.03125 0.187890625 0.062109375
0 0.75703125 0.68828125 0.2421875 0.361328125
0 0.846875 0.49375 0.209375 0.309375
0 0.9203125 0.6671875 0.158984375 0.49140625