3 0.08359375 0.71484375 0.0890625 0.126171875
3 0.1328125 0.67109375 0.1296875 0.17109375
3 0.15390625 0.4390625 0.0875 0.159765625
3 0.2109375 0.5609375 0.127734375 0.16015625
3 0.1921875 0.82734375 0.072265625 0.123828125
3 0.21484375 0.43515625 0.0734375 0.1125
3 0.26484375 0.8328125 0.085546875 0.12265625
3 0.2953125 0.915625 0.125390625 0.124609375
3 0.29921875 0.4890625 0.0765625 0.108984375
3 0.309375 0.6171875 0.096875 0.134375
3 0.36875 0.7046875 0.08359375 0.1234375
3 0.428125 0.46640625 0.0890625 0.12265625
3 0.42578125 0.85859375 0.08125 0.1234375
3 0.45859375 0.71875 0.09296875 0.1140625
3 0.6 0.74921875 0.13671875 0.1859375
3 0.6546875 0.58046875 0.1390625 0.1828125
3 0.7375 0.8125 0.1625 0.20859375