3 0.0140625 0.85390625 0.01875 0.0265625
3 0.0140625 0.81640625 0.0203125 0.04921875
3 0.01953125 0.78203125 0.03046875 0.04765625
3 0.03828125 0.83125 0.026953125 0.068359375
3 0.0359375 0.75703125 0.01640625 0.05703125
3 0.07109375 0.9078125 0.0234375 0.0375
3 0.06796875 0.940625 0.0125 0.028125
3 0.071875 0.76015625 0.0109375 0.03671875
3 0.08046875 0.73203125 0.0265625 0.048046875
3 0.1 0.8234375 0.02421875 0.047265625
3 0.1140625 0.91796875 0.009765625 0.036328125
3 0.13125 0.83671875 0.02421875 0.034375
3 0.1390625 0.940625 0.024609375 0.028125
3 0.14140625 0.8109375 0.029296875 0.04375
3 0.15 0.88046875 0.034375 0.04375
3 0.15703125 0.8359375 0.0265625 0.05
3 0.178125 0.9203125 0.0546875 0.0546875
3 0.1734375 0.97734375 0.03046875 0.028125
3 0.1984375 0.85546875 0.034375 0.036328125
3 0.19921875 0.81875 0.0359375 0.028515625
3 0.2125 0.9796875 0.040234375 0.037109375
3 0.21328125 0.896875 0.0265625 0.062890625
3 0.23828125 0.83125 0.0234375 0.04140625
3 0.26015625 0.90859375 0.0328125 0.055078125
3 0.26640625 0.84765625 0.0328125 0.04765625
3 0.2703125 0.95546875 0.02890625 0.053125
3 0.29609375 0.9703125 0.03125 0.0578125
3 0.29296875 0.88359375 0.020703125 0.0453125
3 0.31328125 0.85390625 0.0265625 0.0546875
3 0.32421875 0.90390625 0.0296875 0.0453125
3 0.32578125 0.96015625 0.028125 0.0625
3 0.35234375 0.8734375 0.0265625 0.04375
3 0.38203125 0.84609375 0.0234375 0.065625
3 0.3953125 0.90859375 0.02734375 0.055078125
3 0.4234375 0.93359375 0.03125 0.04140625
3 0.4296875 0.86875 0.03515625 0.0625
3 0.4375 0.97421875 0.040625 0.034375
3 0.44609375 0.8421875 0.03125 0.059375
3 0.46796875 0.94140625 0.0359375 0.05234375
3 0.47578125 0.83359375 0.03359375 0.04140625
3 0.48203125 0.8765625 0.03828125 0.0453125
3 0.49453125 0.97578125 0.02578125 0.0296875
3 0.49765625 0.79921875 0.014453125 0.028125
3 0.51015625 0.84453125 0.0359375 0.04140625
3 0.5125 0.95234375 0.03828125 0.0515625
3 0.51953125 0.9 0.032421875 0.056640625
3 0.54140625 0.98046875 0.0421875 0.034375
3 0.540625 0.9328125 0.03671875 0.047265625
3 0.5484375 0.82578125 0.0359375 0.05703125
3 0.55078125 0.865625 0.0328125 0.05546875
3 0.56015625 0.9703125 0.0359375 0.04140625
3 0.58515625 0.928125 0.036328125 0.03828125
3 0.5828125 0.87890625 0.0265625 0.06796875
3 0.58671875 0.81484375 0.034375 0.0359375
3 0.6046875 0.9625 0.05390625 0.0390625
3 0.6109375 0.8609375 0.02734375 0.055859375
3 0.6125 0.91796875 0.03046875 0.063671875
3 0.615625 0.82265625 0.0234375 0.0453125
3 0.640625 0.9484375 0.0265625 0.0390625
3 0.6484375 0.859375 0.03515625 0.05703125
3 0.68203125 0.84453125 0.0390625 0.041796875
3 0.7078125 0.78359375 0.0390625 0.0546875
3 0.7265625 0.79765625 0.03046875 0.04375
3 0.7625 0.75703125 0.06171875 0.082421875
3 0.765625 0.81875 0.03671875 0.02421875
3 0.8078125 0.81640625 0.03984375 0.048828125
3 0.83125 0.778125 0.0375 0.052734375