3 0.31015625 0.45625 0.07578125 0.08046875
3 0.34375 0.659375 0.05 0.0921875
3 0.33828125 0.52421875 0.034375 0.0859375
3 0.3734375 0.57109375 0.0484375 0.0921875
3 0.39140625 0.7140625 0.0453125 0.0765625
3 0.43984375 0.69453125 0.05 0.0921875
3 0.46953125 0.75625 0.0578125 0.08046875
3 0.5265625 0.76953125 0.04609375 0.08046875
3 0.56640625 0.7109375 0.0578125 0.07890625
3 0.59375 0.7625 0.05703125 0.08203125
3 0.65703125 0.7609375 0.06953125 0.0859375
3 0.67421875 0.7078125 0.0421875 0.071875
3 0.68515625 0.26640625 0.05 0.06953125
3 0.7296875 0.69453125 0.053515625 0.080078125
3 0.74453125 0.6265625 0.044921875 0.121484375
3 0.765625 0.546875 0.034375 0.08671875