2 0.0828125 0.92109375 0.0265625 0.0671875
2 0.1234375 0.90546875 0.0265625 0.0640625
2 0.28359375 0.88125 0.009375 0.01328125
2 0.3078125 0.88671875 0.021875 0.021875
2 0.30234375 0.83203125 0.0078125 0.02265625
2 0.49609375 0.93046875 0.090625 0.1375
2 0.54453125 0.7078125 0.008203125 0.025390625
2 0.59453125 0.96796875 0.09921875 0.06171875
2 0.69296875 0.9484375 0.063671875 0.10234375
2 0.68203125 0.7484375 0.014453125 0.0375
2 0.7984375 0.8453125 0.055859375 0.190625
2 0.8640625 0.66328125 0.01328125 0.01953125
2 0.93671875 0.66015625 0.02421875 0.0203125
2 0.93125 0.8125 0.01171875 0.043359375
2 0.9796875 0.78046875 0.03984375 0.14140625