0 0.86875 0.6640625 0.0875 0.10234375
0 0.00859375 0.3734375 0.0171875 0.06484375
0 0.025 0.27421875 0.05 0.04140625
0 0.0390625 0.41015625 0.078125 0.1015625
0 0.09921875 0.509375 0.1984375 0.16796875
0 0.02734375 0.30234375 0.051953125 0.0296875
0 0.1578125 0.75078125 0.28125 0.21015625
0 0.08359375 0.275 0.075 0.084375
0 0.121875 0.9828125 0.078515625 0.02890625
0 0.1796875 0.9265625 0.11640625 0.1203125
0 0.1640625 0.38828125 0.0609375 0.075
0 0.22421875 0.9515625 0.12109375 0.09375
0 0.22578125 0.3171875 0.07890625 0.08984375
0 0.23515625 0.38203125 0.0796875 0.103125
0 0.2953125 0.3828125 0.0625 0.07890625
0 0.3203125 0.96171875 0.10390625 0.0734375
0 0.30625 0.484375 0.0625 0.1234375
0 0.2859375 0.1828125 0.01875 0.028125
0 0.29765625 0.19921875 0.0171875 0.0296875
0 0.36328125 0.50546875 0.0984375 0.121875
0 0.36796875 0.35625 0.066796875 0.06796875
0 0.384375 0.421875 0.09375 0.11640625
0 0.37421875 0.20234375 0.01875 0.033203125
0 0.3875 0.22734375 0.0171875 0.0296875
0 0.4484375 0.50859375 0.0875 0.1015625
0 0.540625 0.775 0.24609375 0.24765625
0 0.46015625 0.43515625 0.076953125 0.1015625
0 0.4484375 0.3265625 0.04140625 0.078515625
0 0.53984375 0.84453125 0.1 0.116796875
0 0.5546875 0.4421875 0.07890625 0.12578125
0 0.57109375 0.9875 0.0703125 0.01953125
0 0.56875 0.48671875 0.0421875 0.065625
0 0.62421875 0.45859375 0.0890625 0.121875
0 0.6328125 0.9265625 0.0984375 0.14296875
0 0.69609375 0.93828125 0.123046875 0.1203125
0 0.6828125 0.48984375 0.05859375 0.0859375
0 0.70078125 0.428125 0.083203125 0.1125
0 0.7921875 0.6625 0.227734375 0.237109375
0 0.9015625 0.86171875 0.11484375 0.133203125
0 0.959375 0.95859375 0.078515625 0.079296875
0 0.9734375 0.88203125 0.0515625 0.12734375