3 0.05234375 0.77578125 0.03046875 0.05390625
3 0.08125 0.890625 0.034375 0.06875
3 0.1296875 0.8265625 0.02421875 0.0640625
3 0.1375 0.18515625 0.040234375 0.0875
3 0.1625 0.66953125 0.0265625 0.05625
3 0.16875 0.8828125 0.02421875 0.03984375
3 0.196875 0.5421875 0.02578125 0.08984375
3 0.253125 0.09140625 0.02421875 0.0703125
3 0.3046875 0.2234375 0.028125 0.05625
3 0.32421875 0.0359375 0.026171875 0.04609375
3 0.359375 0.03828125 0.019140625 0.054296875
3 0.4140625 0.2359375 0.024609375 0.0625
3 0.67578125 0.2734375 0.05234375 0.0734375
3 0.72578125 0.2609375 0.0453125 0.11640625
3 0.7296875 0.14375 0.05234375 0.0921875
3 0.75859375 0.3890625 0.0421875 0.1046875
3 0.7734375 0.31171875 0.04765625 0.058203125
3 0.7734375 0.1890625 0.0359375 0.0953125
3 0.79921875 0.23984375 0.059375 0.10234375
3 0.81171875 0.3234375 0.041796875 0.066015625