3 0.190625 0.2703125 0.1453125 0.153125
3 0.25078125 0.76640625 0.114453125 0.090625
3 0.246875 0.15703125 0.09375 0.0953125
3 0.2859375 0.3375 0.1625 0.091015625
3 0.32890625 0.74921875 0.06171875 0.05703125
3 0.3296875 0.79765625 0.03359375 0.03046875
3 0.38515625 0.3453125 0.1203125 0.1484375
3 0.425 0.7671875 0.146484375 0.09140625
3 0.5078125 0.3265625 0.174609375 0.11484375
3 0.5171875 0.203125 0.1234375 0.115625
3 0.590625 0.78046875 0.15859375 0.103125
3 0.59453125 0.25703125 0.0734375 0.120703125
3 0.69609375 0.1234375 0.0859375 0.0875
3 0.71015625 0.771875 0.0796875 0.0625
3 0.7171875 0.2046875 0.0828125 0.07734375
3 0.771875 0.33828125 0.12890625 0.134375
3 0.778125 0.17265625 0.09296875 0.0828125
3 0.81328125 0.77578125 0.1390625 0.061328125
3 0.828125 0.27734375 0.11484375 0.18046875
3 0.93828125 0.3453125 0.1203125 0.14140625