2 0.1 0.9703125 0.0609375 0.0578125
2 0.1515625 0.82109375 0.122265625 0.183203125
2 0.17890625 0.97265625 0.0765625 0.053125
2 0.28828125 0.64921875 0.069921875 0.1953125
2 0.3390625 0.92734375 0.084375 0.14375
2 0.36875 0.715625 0.094140625 0.19453125
2 0.4671875 0.54453125 0.12890625 0.246875
2 0.628125 0.41796875 0.05234375 0.18828125
2 0.7375 0.4609375 0.109375 0.16015625
2 0.825 0.81796875 0.03125 0.0578125
2 0.84765625 0.96484375 0.05234375 0.06796875
2 0.946875 0.84453125 0.075 0.132421875