2 0.05078125 0.5453125 0.1015625 0.36640625
2 0.184375 0.63359375 0.071875 0.46875
2 0.2921875 0.50703125 0.09140625 0.767578125
2 0.34375 0.38203125 0.00703125 0.01875
2 0.3703125 0.35703125 0.00859375 0.017578125
2 0.38046875 0.36640625 0.01015625 0.015625
2 0.4375 0.4359375 0.1171875 0.603125
2 0.528125 0.58984375 0.0546875 0.246875
2 0.53671875 0.371875 0.0125 0.021875
2 0.56328125 0.41875 0.0109375 0.015625
2 0.56875 0.59453125 0.0078125 0.015625
2 0.575 0.4078125 0.0078125 0.0109375
2 0.57734375 0.60078125 0.009375 0.015625
2 0.5765625 0.64296875 0.00546875 0.01796875
2 0.58046875 0.63125 0.0078125 0.015625
2 0.61953125 0.64921875 0.0421875 0.2875
2 0.80546875 0.65234375 0.20390625 0.64453125
2 0.93828125 0.54296875 0.123046875 0.65
2 0.97734375 0.17265625 0.0171875 0.034375
2 0.98203125 0.2140625 0.0171875 0.034375
2 0.9921875 0.16484375 0.01484375 0.032421875
2 0.99453125 0.23359375 0.01015625 0.03671875
2 0.99609375 0.19140625 0.00625 0.0203125