2 0.0265625 0.48984375 0.052734375 0.091796875
2 0.15703125 0.4640625 0.0546875 0.112109375
2 0.296875 0.690625 0.0359375 0.07265625
2 0.346875 0.54765625 0.10703125 0.13828125
2 0.3578125 0.72578125 0.04609375 0.085546875
2 0.41171875 0.68359375 0.046875 0.0515625
2 0.41484375 0.2203125 0.04765625 0.0890625
2 0.409375 0.06171875 0.03046875 0.07578125
2 0.47890625 0.0875 0.0515625 0.05078125
2 0.6625 0.32890625 0.08203125 0.0828125
2 0.74140625 0.2265625 0.05546875 0.0671875
2 0.81015625 0.18828125 0.0375 0.073046875
2 0.88359375 0.4359375 0.0734375 0.07734375
2 0.87734375 0.13671875 0.039453125 0.05
2 0.8875 0.33984375 0.02578125 0.063671875
2 0.9484375 0.1265625 0.040234375 0.077734375
2 0.97578125 0.37265625 0.04765625 0.1015625