2 0.4 0.3921875 0.4125 0.71171875
2 0.6640625 0.41328125 0.321484375 0.710546875
2 0.77890625 0.76015625 0.0296875 0.03671875
2 0.7890625 0.70234375 0.03515625 0.0484375
2 0.80625 0.7296875 0.03515625 0.05
2 0.934375 0.71484375 0.041015625 0.039453125
2 0.9359375 0.98359375 0.0375 0.0296875
2 0.93984375 0.91015625 0.039453125 0.033203125
2 0.95390625 0.88515625 0.0375 0.042578125
2 0.9859375 0.53671875 0.02734375 0.05
2 0.9859375 0.62734375 0.0265625 0.0546875
2 0.9921875 0.57890625 0.01484375 0.032421875