3 0.12734375 0.65234375 0.0578125 0.080078125
3 0.15 0.52578125 0.06953125 0.10234375
3 0.15703125 0.39765625 0.051953125 0.0984375
3 0.16796875 0.6015625 0.03984375 0.07109375
3 0.1875 0.69140625 0.0703125 0.075
3 0.1953125 0.36328125 0.05234375 0.06875
3 0.1984375 0.47109375 0.06015625 0.0734375
3 0.221875 0.5640625 0.059765625 0.07734375
3 0.24140625 0.43984375 0.06015625 0.090625
3 0.253125 0.63671875 0.075390625 0.092578125
3 0.253125 0.70390625 0.046484375 0.0234375
3 0.278125 0.4953125 0.06796875 0.097265625
3 0.28515625 0.3703125 0.0671875 0.102734375
3 0.29453125 0.5734375 0.0609375 0.103125
3 0.3046875 0.68125 0.059375 0.0921875
3 0.33359375 0.7046875 0.053125 0.025
3 0.3328125 0.54140625 0.037890625 0.0859375
3 0.34375 0.390625 0.05703125 0.10703125
3 0.35078125 0.4859375 0.0484375 0.090234375
3 0.36875 0.66171875 0.0734375 0.084375
3 0.38671875 0.5734375 0.0765625 0.0921875
3 0.4015625 0.70625 0.0578125 0.034375
3 0.40390625 0.478125 0.05 0.0984375
3 0.41796875 0.38125 0.0703125 0.103125
3 0.4328125 0.65234375 0.069140625 0.115625
3 0.45859375 0.54609375 0.059375 0.084375
3 0.453125 0.31953125 0.046484375 0.092578125
3 0.46015625 0.46171875 0.036328125 0.0578125
3 0.50390625 0.484375 0.0734375 0.08671875
3 0.49921875 0.39921875 0.0609375 0.113671875
3 0.50859375 0.6046875 0.0671875 0.097265625
3 0.5109375 0.68828125 0.06953125 0.08046875
3 0.521875 0.52890625 0.0546875 0.06171875
3 0.6203125 0.6203125 0.034375 0.075
3 0.62734375 0.5296875 0.0484375 0.097265625
3 0.63125 0.7140625 0.0328125 0.109375
3 0.6453125 0.34296875 0.06015625 0.108203125
3 0.6484375 0.45078125 0.0625 0.113671875
3 0.6796875 0.59765625 0.06015625 0.0890625
3 0.68203125 0.70625 0.06484375 0.115625
3 0.70234375 0.51328125 0.0625 0.104296875
3 0.71875 0.4078125 0.05390625 0.0734375
3 0.746875 0.71171875 0.071875 0.09296875
3 0.740625 0.46875 0.046875 0.102734375
3 0.7546875 0.36953125 0.05 0.06953125
3 0.7890625 0.52421875 0.06015625 0.103125
3 0.78671875 0.42421875 0.03984375 0.0859375
3 0.7890625 0.709375 0.028125 0.09296875
3 0.8 0.5921875 0.0421875 0.0609375
3 0.81796875 0.65546875 0.036328125 0.084375
3 0.83046875 0.3359375 0.0578125 0.09375
3 0.82890625 0.4625 0.04609375 0.08984375
3 0.8484375 0.70546875 0.06328125 0.08046875
3 0.85234375 0.5421875 0.0453125 0.069140625
3 0.871875 0.62109375 0.0453125 0.065625
3 0.88828125 0.378125 0.05 0.06328125
3 0.903125 0.453125 0.069140625 0.08671875
3 0.9171875 0.528125 0.069140625 0.08671875
3 0.90859375 0.709375 0.0421875 0.06875
3 0.9234375 0.60234375 0.0640625 0.109375
3 0.9609375 0.7375 0.07734375 0.08671875
3 0.95703125 0.52421875 0.0265625 0.075
3 0.971875 0.66953125 0.0546875 0.04609375
3 0.96796875 0.61171875 0.032421875 0.0578125