2 0.1609375 0.81171875 0.025 0.02734375
2 0.2140625 0.42265625 0.12109375 0.1734375
2 0.1640625 0.784375 0.016015625 0.0125
2 0.17109375 0.84765625 0.0171875 0.034375
2 0.31484375 0.64453125 0.3046875 0.310546875
2 0.2171875 0.77734375 0.022265625 0.026953125
2 0.3 0.38203125 0.1375 0.1609375
2 0.4890625 0.87265625 0.075 0.135546875
2 0.4828125 0.7734375 0.01875 0.0234375
2 0.5078125 0.78828125 0.021484375 0.0234375
2 0.521875 0.7625 0.01328125 0.02421875
2 0.56640625 0.7859375 0.0921875 0.07109375
2 0.73359375 0.6328125 0.09765625 0.07421875
2 0.83671875 0.7640625 0.2265625 0.175
2 0.8625 0.3734375 0.1578125 0.1046875