3 0.8078125 0.65 0.193359375 0.265625
3 0.09453125 0.47265625 0.125 0.06875
3 0.09765625 0.5734375 0.11953125 0.15546875
3 0.19453125 0.5609375 0.1140625 0.14765625
3 0.17890625 0.4046875 0.08125 0.07890625
3 0.20625 0.60390625 0.0890625 0.15390625
3 0.19921875 0.41875 0.05859375 0.08515625
3 0.2140625 0.4671875 0.065625 0.05859375
3 0.27109375 0.67734375 0.133203125 0.201953125
3 0.3328125 0.4734375 0.140234375 0.171484375
3 0.3875 0.6359375 0.1546875 0.20546875
3 0.4 0.7984375 0.171484375 0.17890625
3 0.40625 0.51875 0.125 0.11953125
3 0.46953125 0.41640625 0.098828125 0.135546875
3 0.5046875 0.76953125 0.109375 0.15625
3 0.53046875 0.4359375 0.082421875 0.096484375
3 0.5953125 0.30546875 0.137109375 0.1796875
3 0.6453125 0.46875 0.1484375 0.20390625
3 0.665625 0.7203125 0.1046875 0.1046875
3 0.68046875 0.3421875 0.08671875 0.103125
3 0.7078125 0.603125 0.087109375 0.094140625
3 0.753125 0.8390625 0.144140625 0.178125
3 0.796875 0.4359375 0.1484375 0.15390625
3 0.79765625 0.3171875 0.139453125 0.14140625
3 0.9140625 0.86328125 0.15625 0.183203125
3 0.92890625 0.26171875 0.126171875 0.207421875
3 0.91875 0.58671875 0.08203125 0.13046875
3 0.940625 0.465625 0.11796875 0.244140625
3 0.9578125 0.67578125 0.081640625 0.2171875