3 0.1046875 0.50546875 0.209375 0.2734375
3 0.103125 0.30859375 0.19296875 0.184375
3 0.240625 0.19375 0.15390625 0.11328125
3 0.32109375 0.63203125 0.2765625 0.34296875
3 0.28125 0.3296875 0.181640625 0.19375
3 0.3375 0.16875 0.08203125 0.0875
3 0.3296875 0.21015625 0.0640625 0.1015625
3 0.42109375 0.21171875 0.15390625 0.1625
3 0.47734375 0.39140625 0.198046875 0.241796875
3 0.4328125 0.103125 0.10625 0.09609375
3 0.64375 0.7546875 0.2953125 0.44140625
3 0.58828125 0.27890625 0.1734375 0.1796875
3 0.57578125 0.11015625 0.1296875 0.09921875
3 0.721875 0.5 0.275390625 0.33125
3 0.6765625 0.21484375 0.15 0.176171875
3 0.721875 0.13671875 0.130859375 0.1421875
3 0.8296875 0.3421875 0.19375 0.215625
3 0.871875 0.2375 0.1765625 0.17265625
3 0.87421875 0.1375 0.165625 0.096484375