2 0.02578125 0.50078125 0.0515625 0.107421875
2 0.06015625 0.35546875 0.0484375 0.11015625
2 0.1078125 0.48671875 0.078515625 0.1640625
2 0.13359375 0.32109375 0.07109375 0.06796875
2 0.17890625 0.49453125 0.051953125 0.126953125
2 0.38046875 0.5453125 0.1359375 0.303125
2 0.5421875 0.546875 0.2625 0.21640625
2 0.46875 0.303125 0.05078125 0.03828125
2 0.659375 0.703125 0.0609375 0.07265625
2 0.8265625 0.63515625 0.090234375 0.1390625
2 0.8328125 0.4984375 0.06328125 0.1
2 0.9109375 0.54765625 0.084765625 0.1828125
2 0.9859375 0.4765625 0.01171875 0.0140625
2 0.98984375 0.4890625 0.019921875 0.05390625
2 0.99375 0.484375 0.0109375 0.01171875
2 0.99453125 0.49921875 0.0046875 0.009375
2 0.996875 0.5125 0.0046875 0.01015625