2 0.06875 0.61328125 0.1375 0.2546875
2 0.153125 0.72578125 0.049609375 0.063671875
2 0.2640625 0.16328125 0.10390625 0.09296875
2 0.234375 0.07265625 0.015625 0.015625
2 0.2515625 0.0828125 0.01328125 0.02265625
2 0.3640625 0.43046875 0.078515625 0.165625
2 0.3765625 0.13046875 0.0125 0.01328125
2 0.425 0.37421875 0.069140625 0.153125
2 0.55859375 0.4125 0.1140625 0.156640625
2 0.6 0.18984375 0.06953125 0.0953125
2 0.6328125 0.53515625 0.0328125 0.1015625
2 0.70078125 0.03828125 0.1390625 0.07578125
2 0.72265625 0.11796875 0.023046875 0.0359375
2 0.746875 0.15859375 0.0234375 0.03828125
2 0.74609375 0.12734375 0.0171875 0.026953125
2 0.76796875 0.3828125 0.019921875 0.015625
2 0.790625 0.38359375 0.021875 0.03046875
2 0.9171875 0.62734375 0.16484375 0.3375
2 0.8921875 0.346875 0.0359375 0.05703125