3 0.225 0.44453125 0.0921875 0.10390625
3 0.27421875 0.41484375 0.028125 0.06328125
3 0.40078125 0.5875 0.0875 0.12109375
3 0.4359375 0.65859375 0.05859375 0.04375
3 0.47109375 0.603125 0.0609375 0.13046875
3 0.5015625 0.5453125 0.05859375 0.062890625
3 0.50390625 0.66015625 0.05 0.075
3 0.5515625 0.39765625 0.08125 0.109375
3 0.52578125 0.71484375 0.02109375 0.05703125
3 0.5703125 0.54140625 0.05625 0.109375
3 0.6625 0.55703125 0.08046875 0.12109375
3 0.6640625 0.709375 0.037109375 0.046484375
3 0.7265625 0.8046875 0.03515625 0.0859375
3 0.940625 0.7859375 0.040234375 0.068359375
3 0.971875 0.8296875 0.03203125 0.05703125