2 0.109375 0.23203125 0.040625 0.07109375
2 0.3109375 0.5734375 0.059375 0.13203125
2 0.3421875 0.184375 0.0375 0.047265625
2 0.48984375 0.31796875 0.101171875 0.1671875
2 0.53671875 0.58125 0.1359375 0.202734375
2 0.50625 0.58046875 0.068359375 0.1921875
2 0.5734375 0.58125 0.04140625 0.20078125
2 0.58359375 0.45703125 0.01171875 0.021875
2 0.6328125 0.43359375 0.05234375 0.13671875
2 0.66015625 0.6125 0.048046875 0.140625
2 0.72734375 0.54375 0.0421875 0.071484375
2 0.725 0.515625 0.01015625 0.01796875
2 0.73046875 0.53828125 0.01328125 0.0203125
2 0.7421875 0.52421875 0.0140625 0.01953125
2 0.7984375 0.3234375 0.0578125 0.13359375
2 0.79140625 0.35234375 0.0421875 0.06640625
2 0.8515625 0.15 0.009375 0.021875
2 0.8609375 0.15625 0.01015625 0.01953125
2 0.86875 0.15 0.009765625 0.01328125