1 0.9484375 0.2609375 0.10234375 0.0375
1 0.9484375 0.28046875 0.10234375 0.0328125
1 0.96015625 0.2359375 0.078125 0.05234375
3 0.10390625 0.11640625 0.2078125 0.2328125
3 0.1265625 0.325 0.14609375 0.146875
3 0.28203125 0.24609375 0.2390625 0.3046875
3 0.30703125 0.428125 0.175 0.11171875
3 0.2890625 0.06875 0.043359375 0.0875
3 0.3984375 0.08046875 0.19375 0.1609375
3 0.4828125 0.27734375 0.177734375 0.2734375
3 0.4515625 0.43125 0.1140625 0.0765625
3 0.60859375 0.1203125 0.2015625 0.240625
3 0.6453125 0.67265625 0.075 0.06875
3 0.72734375 0.71640625 0.098046875 0.091796875
3 0.73984375 0.59296875 0.1140625 0.1578125
3 0.790625 0.67890625 0.05703125 0.11875
3 0.82890625 0.6390625 0.079296875 0.106640625
3 0.86640625 0.603125 0.094921875 0.103515625
3 0.90390625 0.55703125 0.08125 0.11953125