3 0.01484375 0.90390625 0.0296875 0.03046875
3 0.059375 0.6671875 0.02734375 0.03671875
3 0.1 0.5546875 0.0390625 0.040625
3 0.1546875 0.70546875 0.03125 0.03046875
3 0.1578125 0.35234375 0.034765625 0.073046875
3 0.19375 0.33828125 0.040234375 0.076953125
3 0.2 0.2625 0.05 0.052734375
3 0.215625 0.76796875 0.019140625 0.041796875
3 0.25234375 0.7734375 0.0390625 0.031640625
3 0.284375 0.5421875 0.05546875 0.08828125
3 0.36796875 0.58671875 0.059375 0.09375
3 0.38984375 0.16171875 0.03828125 0.06640625
3 0.40625 0.21953125 0.03515625 0.05703125
3 0.45 0.2546875 0.050390625 0.046875
3 0.46484375 0.53046875 0.05859375 0.05703125
3 0.49140625 0.97734375 0.054296875 0.042578125
3 0.5109375 0.49453125 0.046875 0.05703125
3 0.55 0.66953125 0.06328125 0.053125
3 0.55625 0.54140625 0.0625 0.065625
3 0.584375 0.346875 0.03125 0.03125
3 0.596875 0.88828125 0.05546875 0.07265625
3 0.66484375 0.96953125 0.0515625 0.05859375
3 0.653125 0.40078125 0.019140625 0.058203125
3 0.71015625 0.6453125 0.0390625 0.078125
3 0.7109375 0.80390625 0.02734375 0.03125
3 0.721875 0.43515625 0.024609375 0.061328125
3 0.7375 0.6796875 0.04609375 0.05078125
3 0.74921875 0.61484375 0.03125 0.0375
3 0.76875 0.64140625 0.031640625 0.046875
3 0.9390625 0.86484375 0.058984375 0.046875
3 0.934375 0.91640625 0.028125 0.0375
3 0.9671875 0.81796875 0.03125 0.03671875
3 0.98515625 0.79765625 0.0203125 0.05703125
3 0.9875 0.87734375 0.02421875 0.03203125