0 0.14609375 0.884375 0.26171875 0.1796875
0 0.1171875 0.6890625 0.0484375 0.03046875
0 0.18125 0.77734375 0.04921875 0.0171875
0 0.37578125 0.8609375 0.059375 0.03828125
0 0.40390625 0.81640625 0.064453125 0.040625
0 0.428125 0.32265625 0.056640625 0.0390625
0 0.43125 0.9171875 0.0515625 0.02734375
0 0.4234375 0.52421875 0.02109375 0.023046875
0 0.50390625 0.27421875 0.0640625 0.040625
0 0.49140625 0.66875 0.0328125 0.0328125
0 0.49375 0.48125 0.037890625 0.025390625
0 0.51484375 0.3375 0.0765625 0.040625
0 0.51015625 0.74140625 0.046875 0.041796875
0 0.53359375 0.48828125 0.04609375 0.0328125
0 0.5828125 0.87890625 0.1359375 0.203125
0 0.56015625 0.66953125 0.059375 0.0375
0 0.6015625 0.3890625 0.0640625 0.0328125
0 0.66953125 0.09609375 0.1640625 0.1921875
0 0.6640625 0.696875 0.062109375 0.030859375
0 0.72578125 0.459375 0.08125 0.052734375
0 0.728125 0.715625 0.05625 0.0375
0 0.7421875 0.3234375 0.0640625 0.03046875
0 0.76328125 0.3609375 0.0796875 0.05234375
0 0.7703125 0.6546875 0.053125 0.02734375
0 0.771875 0.6265625 0.05078125 0.02109375
0 0.7859375 0.40703125 0.0640625 0.034375
0 0.8078125 0.378125 0.050390625 0.027734375
0 0.8734375 0.6984375 0.06953125 0.02734375