3 0.32734375 0.6265625 0.1390625 0.125
3 0.15625 0.56015625 0.059375 0.0953125
3 0.271875 0.309375 0.165625 0.103125
3 0.22734375 0.621875 0.0515625 0.0375
3 0.2515625 0.58046875 0.0375 0.0484375
3 0.31015625 0.51015625 0.0921875 0.0921875
3 0.37734375 0.31484375 0.0796875 0.0796875
3 0.39765625 0.5453125 0.0734375 0.075
3 0.45625 0.246875 0.1375 0.075
3 0.4734375 0.17109375 0.1 0.0703125
3 0.47734375 0.49609375 0.0765625 0.0578125
3 0.4890625 0.3640625 0.090625 0.075
3 0.55078125 0.4234375 0.1484375 0.0875
3 0.54296875 0.59375 0.0671875 0.075
3 0.58046875 0.54375 0.1140625 0.06875
3 0.5703125 0.0390625 0.090625 0.059375
3 0.62109375 0.45859375 0.1046875 0.0890625
3 0.61484375 0.29921875 0.0734375 0.1234375
3 0.6328125 0.1140625 0.090625 0.10625
3 0.6265625 0.58203125 0.075 0.0640625
3 0.69453125 0.275 0.0421875 0.084375
3 0.721875 0.1015625 0.03125 0.0875
3 0.7484375 0.3140625 0.075 0.0875
3 0.74609375 0.46640625 0.0484375 0.1265625
3 0.8109375 0.27734375 0.04375 0.0703125