2 0.046875 0.47265625 0.09375 0.1140625
2 0.18125 0.3140625 0.121875 0.253125
2 0.13203125 0.5203125 0.021875 0.0234375
2 0.1421875 0.54765625 0.02578125 0.03515625
2 0.159375 0.540625 0.01640625 0.02890625
2 0.15859375 0.51171875 0.0125 0.0140625
2 0.35859375 0.59765625 0.1921875 0.3515625
2 0.57578125 0.1875 0.1125 0.2296875
2 0.540625 0.0265625 0.01796875 0.02890625
2 0.55546875 0.03828125 0.019921875 0.029296875
2 0.559375 0.0078125 0.0203125 0.015625
2 0.5671875 0.02265625 0.01015625 0.020703125
2 0.75078125 0.13125 0.014453125 0.024609375
2 0.75390625 0.10390625 0.0140625 0.02109375
2 0.759375 0.07890625 0.0078125 0.021875
2 0.82265625 0.15234375 0.042578125 0.06875
2 0.90859375 0.209375 0.11484375 0.23359375