3 0.025 0.41171875 0.04296875 0.05
3 0.16484375 0.4703125 0.064453125 0.09765625
3 0.16875 0.54921875 0.0546875 0.0515625
3 0.1703125 0.94453125 0.02421875 0.0609375
3 0.2140625 0.51328125 0.05625 0.092578125
3 0.24609375 0.7625 0.0390625 0.071484375
3 0.271875 0.93984375 0.0265625 0.059375
3 0.31796875 0.52421875 0.0234375 0.04375
3 0.359375 0.98046875 0.06953125 0.0375
3 0.36484375 0.4625 0.0625 0.10078125
3 0.475 0.5375 0.05703125 0.08203125
3 0.50625 0.5484375 0.01796875 0.053125
3 0.52109375 0.9875 0.0453125 0.02265625
3 0.57578125 0.5484375 0.04375 0.05703125
3 0.68515625 0.9828125 0.032421875 0.031640625
3 0.953125 0.99296875 0.01328125 0.0125