2 0.028125 0.58359375 0.04921875 0.132421875
2 0.103125 0.4984375 0.12265625 0.99609375
2 0.22421875 0.49921875 0.1640625 0.9984375
2 0.31171875 0.77265625 0.06875 0.267578125
2 0.33984375 0.1890625 0.0515625 0.378125
2 0.365625 0.81796875 0.0796875 0.36171875
2 0.3890625 0.1890625 0.04921875 0.3703125
2 0.4296875 0.8125 0.04140625 0.3703125
2 0.4375 0.190625 0.055859375 0.380859375
2 0.4890625 0.8109375 0.12265625 0.37578125
2 0.48984375 0.21640625 0.1046875 0.4328125
2 0.55625 0.1859375 0.047265625 0.371875
2 0.60625 0.80546875 0.116015625 0.382421875
2 0.61640625 0.1859375 0.1046875 0.371484375
2 0.72734375 0.49921875 0.1234375 0.9984375
2 0.796875 0.49921875 0.09375 0.9984375
2 0.89140625 0.4625 0.082421875 0.921484375
2 0.946875 0.49921875 0.103125 0.9984375