0 0.26875 0.4015625 0.1234375 0.13359375
0 0.4609375 0.34140625 0.603515625 0.4328125
0 0.3484375 0.384375 0.3671875 0.346875
0 0.39375 0.821875 0.105859375 0.14296875
0 0.4796875 0.7734375 0.277734375 0.334765625
0 0.4046875 0.69140625 0.096484375 0.11875
0 0.471875 0.76328125 0.09921875 0.1390625
0 0.490625 0.8796875 0.1046875 0.12890625
0 0.49921875 0.66640625 0.1 0.1203125
0 0.565625 0.7765625 0.106640625 0.141015625
0 0.6609375 0.58828125 0.134375 0.15625
0 0.709375 0.74921875 0.13203125 0.16640625
0 0.790625 0.61640625 0.119140625 0.1578125