3 0.00703125 0.5796875 0.0140625 0.0375
3 0.0109375 0.54296875 0.021875 0.0359375
3 0.01328125 0.65390625 0.0265625 0.0609375
3 0.04296875 0.665625 0.029296875 0.065234375
3 0.06953125 0.4828125 0.040625 0.0453125
3 0.11796875 0.74609375 0.10234375 0.1171875
3 0.14921875 0.47890625 0.10234375 0.1390625
3 0.21875 0.13828125 0.097265625 0.1890625
3 0.190625 0.0140625 0.021875 0.028125
3 0.19765625 0.3734375 0.025 0.03984375
3 0.25703125 0.53125 0.021875 0.0453125
3 0.26875 0.6125 0.01953125 0.04140625
3 0.29921875 0.6234375 0.026953125 0.052734375
3 0.32109375 0.83203125 0.0328125 0.051171875
3 0.35859375 0.58671875 0.10703125 0.1375
3 0.3703125 0.75 0.03515625 0.05234375
3 0.38203125 0.7125 0.038671875 0.046875
3 0.3984375 0.84609375 0.02890625 0.03984375
3 0.471875 0.140625 0.040625 0.0578125
3 0.54140625 0.2 0.0203125 0.040234375
3 0.56484375 0.165625 0.0296875 0.046875
3 0.6375 0.6296875 0.149609375 0.09375
3 0.67734375 0.9765625 0.0265625 0.0375
3 0.68828125 0.3453125 0.033203125 0.04609375
3 0.72734375 0.2578125 0.035546875 0.053515625
3 0.765625 0.66484375 0.02734375 0.05234375
3 0.81328125 0.915625 0.021875 0.04921875
3 0.82578125 0.490625 0.038671875 0.050390625
3 0.8265625 0.184375 0.03125 0.05703125
3 0.85703125 0.16953125 0.0359375 0.042578125
3 0.9421875 0.275 0.115234375 0.13828125
3 0.89921875 0.92109375 0.02265625 0.05234375