3 0.0125 0.55234375 0.024609375 0.046875
3 0.07109375 0.39921875 0.08203125 0.08359375
3 0.0828125 0.9453125 0.075390625 0.08359375
3 0.15625 0.5625 0.065625 0.0671875
3 0.19921875 0.1515625 0.0859375 0.10390625
3 0.23515625 0.52265625 0.073046875 0.092578125
3 0.2609375 0.60078125 0.0578125 0.08046875
3 0.3421875 0.5640625 0.07265625 0.112890625
3 0.33828125 0.4875 0.0421875 0.081640625
3 0.3828125 0.8203125 0.066015625 0.077734375
3 0.4125 0.0640625 0.0671875 0.0703125
3 0.48046875 0.12578125 0.0953125 0.1046875
3 0.5890625 0.31640625 0.07265625 0.0828125
3 0.58984375 0.8578125 0.05390625 0.08125
3 0.6640625 0.53046875 0.065625 0.09765625
3 0.81328125 0.13046875 0.0765625 0.11328125