2 0.04453125 0.87265625 0.0890625 0.253125
2 0.0890625 0.18046875 0.177734375 0.3359375
2 0.115625 0.59609375 0.23125 0.4484375
2 0.49921875 0.49921875 0.9984375 0.9984375
2 0.28515625 0.8796875 0.47265625 0.2390625
2 0.20546875 0.34765625 0.29296875 0.328125
2 0.37109375 0.1 0.43125 0.2
2 0.4078125 0.62265625 0.359765625 0.426171875
2 0.78984375 0.9265625 0.3921875 0.14609375
2 0.7 0.0953125 0.20703125 0.190234375
2 0.759375 0.3515625 0.300390625 0.303125
2 0.80859375 0.7140625 0.3734375 0.41796875
2 0.90390625 0.0984375 0.191796875 0.196875
2 0.934375 0.33984375 0.130859375 0.2921875