1 0.02421875 0.6140625 0.04765625 0.13125
1 0.03203125 0.690625 0.0640625 0.10625
1 0.06875 0.68203125 0.033984375 0.0609375
1 0.2375 0.95 0.275 0.096875
1 0.27421875 0.89296875 0.28125 0.0890625
1 0.21953125 0.9703125 0.16015625 0.05625
1 0.546875 0.23984375 0.79375 0.3640625
1 0.3125 0.62265625 0.275 0.1328125
1 0.48046875 0.97734375 0.26875 0.0421875
1 0.47734375 0.46171875 0.1625 0.1015625
1 0.43984375 0.59921875 0.06640625 0.0484375
1 0.49921875 0.5984375 0.076953125 0.05625
1 0.65625 0.4625 0.2375 0.165625
1 0.58046875 0.41171875 0.06484375 0.0703125
1 0.81171875 0.61875 0.373046875 0.409375
1 0.778125 0.9359375 0.12734375 0.125
1 0.834375 0.96015625 0.059765625 0.0765625
1 0.871875 0.9359375 0.127734375 0.125