3 0.090625 0.44453125 0.03984375 0.06328125
3 0.10234375 0.80390625 0.040625 0.059375
3 0.11640625 0.44765625 0.011328125 0.051171875
3 0.30078125 0.05234375 0.0359375 0.046875
3 0.43359375 0.63125 0.044921875 0.065234375
3 0.45234375 0.7359375 0.0421875 0.06484375
3 0.446875 0.04765625 0.01796875 0.01953125
3 0.46328125 0.02421875 0.02734375 0.0484375
3 0.48671875 0.0234375 0.0171875 0.046875
3 0.5578125 0.759375 0.03515625 0.065234375
3 0.5875 0.365625 0.05078125 0.06953125
3 0.5921875 0.41171875 0.044140625 0.051171875
3 0.625 0.390625 0.033984375 0.062890625
3 0.65390625 0.9515625 0.0484375 0.0703125
3 0.6890625 0.7859375 0.05234375 0.059375
3 0.7578125 0.70625 0.0375 0.052734375
3 0.83203125 0.6015625 0.0421875 0.059375
3 0.85 0.78359375 0.04453125 0.06640625
3 0.86171875 0.7234375 0.0453125 0.07578125
3 0.9 0.26875 0.0359375 0.06171875