3 0.340625 0.6203125 0.18671875 0.25859375
3 0.02265625 0.190625 0.0453125 0.253125
3 0.071875 0.04921875 0.14375 0.0984375
3 0.06796875 0.89765625 0.1234375 0.201953125
3 0.1265625 0.53359375 0.17734375 0.270703125
3 0.1328125 0.22890625 0.1578125 0.25703125
3 0.184375 0.77890625 0.17578125 0.2765625
3 0.22421875 0.13828125 0.18203125 0.2765625
3 0.2296875 0.46640625 0.1296875 0.225
3 0.3125 0.33125 0.1890625 0.28203125
3 0.3640625 0.93046875 0.178125 0.13828125
3 0.3546875 0.46328125 0.118359375 0.0921875
3 0.45234375 0.2109375 0.1671875 0.2015625
3 0.4625 0.809375 0.16328125 0.187109375
3 0.43125 0.02109375 0.08046875 0.0421875
3 0.4984375 0.43203125 0.208984375 0.288671875
3 0.5625 0.91875 0.196875 0.159765625
3 0.55703125 0.60703125 0.14609375 0.18515625
3 0.62734375 0.73671875 0.19765625 0.28046875
3 0.6140625 0.4765625 0.03671875 0.0765625
3 0.6859375 0.11328125 0.18046875 0.21171875
3 0.678125 0.53203125 0.05703125 0.115625
3 0.79140625 0.553125 0.1765625 0.29375
3 0.771875 0.7796875 0.115625 0.216015625
3 0.80625 0.97109375 0.1546875 0.05625
3 0.81484375 0.159375 0.16953125 0.29609375
3 0.8671875 0.0203125 0.09765625 0.040625
3 0.90546875 0.3640625 0.145703125 0.28515625
3 0.91484375 0.840625 0.164453125 0.237890625
3 0.909375 0.60859375 0.06875 0.2140625
3 0.9484375 0.1078125 0.1015625 0.215625
3 0.959375 0.97265625 0.0765625 0.05234375
3 0.971875 0.35859375 0.055859375 0.2859375
3 0.97578125 0.62109375 0.04765625 0.215625