3 0.021875 0.45859375 0.01953125 0.023046875
3 0.03828125 0.3890625 0.01328125 0.02734375
3 0.04375 0.32890625 0.0203125 0.02734375
3 0.04375 0.47265625 0.0171875 0.01484375
3 0.06015625 0.3 0.0109375 0.01953125
3 0.0640625 0.4921875 0.01015625 0.034765625
3 0.07421875 0.3875 0.0171875 0.01953125
3 0.08515625 0.33984375 0.023828125 0.039453125
3 0.0828125 0.4609375 0.01484375 0.02734375
3 0.08828125 0.4234375 0.01875 0.0375
3 0.0890625 0.29375 0.012890625 0.03203125
3 0.109375 0.4453125 0.012890625 0.02890625
3 0.1140625 0.3375 0.015234375 0.01953125
3 0.1171875 0.48125 0.012890625 0.03203125
3 0.11875 0.3875 0.0171875 0.0296875
3 0.13046875 0.3484375 0.0203125 0.0421875
3 0.134375 0.3984375 0.0171875 0.0328125
3 0.1453125 0.3671875 0.028125 0.040234375
3 0.16015625 0.2390625 0.0171875 0.02265625
3 0.16796875 0.40859375 0.02421875 0.0328125
3 0.16875 0.25625 0.01484375 0.02265625
3 0.17265625 0.3265625 0.023046875 0.03359375
3 0.18125 0.3078125 0.0171875 0.0296875
3 0.19921875 0.25 0.023046875 0.03046875
3 0.20625 0.30859375 0.0078125 0.0328125
3 0.21171875 0.28515625 0.01484375 0.0296875
3 0.228125 0.2109375 0.028125 0.022265625
3 0.28203125 0.36484375 0.013671875 0.035546875
3 0.32421875 0.34140625 0.01484375 0.0171875
3 0.32890625 0.3953125 0.0171875 0.03984375
3 0.3453125 0.3109375 0.0265625 0.02734375
3 0.35859375 0.40625 0.0296875 0.027734375
3 0.36171875 0.36875 0.03359375 0.0375
3 0.3765625 0.31640625 0.03515625 0.0328125
3 0.37890625 0.38984375 0.0265625 0.025
3 0.37890625 0.42265625 0.0265625 0.025
3 0.4015625 0.35390625 0.04609375 0.0328125
3 0.40625 0.39609375 0.028125 0.02734375
3 0.4109375 0.4484375 0.0296875 0.0328125
3 0.41640625 0.30390625 0.03359375 0.0421875
3 0.42890625 0.26015625 0.0171875 0.0203125
3 0.43046875 0.3671875 0.0203125 0.040234375
3 0.44453125 0.29765625 0.02265625 0.01484375
3 0.45703125 0.36484375 0.0203125 0.0296875
3 0.4546875 0.43984375 0.012890625 0.05
3 0.4578125 0.26875 0.01875 0.0375
3 0.471875 0.38125 0.01953125 0.03203125
3 0.47734375 0.40625 0.023828125 0.0375
3 0.48046875 0.3234375 0.01875 0.027734375
3 0.4890625 0.2984375 0.01328125 0.0328125
3 0.50078125 0.20234375 0.0265625 0.0296875
3 0.503125 0.38125 0.02578125 0.03203125
3 0.496875 0.2546875 0.01171875 0.02890625
3 0.509375 0.31484375 0.03671875 0.035546875
3 0.5140625 0.3140625 0.0296875 0.0375
3 0.5203125 0.39140625 0.0203125 0.02734375
3 0.5203125 0.28515625 0.01640625 0.039453125
3 0.5234375 0.24375 0.02265625 0.0328125
3 0.5390625 0.27109375 0.0203125 0.0421875
3 0.54140625 0.3484375 0.0203125 0.04140625
3 0.55703125 0.39609375 0.03359375 0.02734375
3 0.5703125 0.28515625 0.01875 0.039453125
3 0.57109375 0.35625 0.0203125 0.0375
3 0.58125 0.22109375 0.041015625 0.0328125
3 0.5859375 0.2140625 0.009375 0.02734375
3 0.60625 0.1953125 0.041015625 0.02890625
3 0.6046875 0.2875 0.028125 0.01953125
3 0.60703125 0.4234375 0.03203125 0.04765625
3 0.59453125 0.31640625 0.00390625 0.02265625
3 0.60390625 0.38125 0.01875 0.03203125
3 0.615625 0.18359375 0.03359375 0.0328125
3 0.61640625 0.25859375 0.0359375 0.0375
3 0.61875 0.2171875 0.0265625 0.0203125
3 0.621875 0.31015625 0.009375 0.025
3 0.64375 0.28515625 0.0265625 0.03984375
3 0.63984375 0.18984375 0.01484375 0.0203125
3 0.91484375 0.3546875 0.0578125 0.090234375
3 0.965625 0.2796875 0.062109375 0.125
3 0.95859375 0.4046875 0.0453125 0.065234375
3 0.9671875 0.4703125 0.062109375 0.1