3 0.02890625 0.9828125 0.0578125 0.02890625
3 0.03125 0.5890625 0.0625 0.44296875
3 0.0515625 0.3875 0.103125 0.303125
3 0.12890625 0.13359375 0.2578125 0.266796875
3 0.2234375 0.86484375 0.425 0.26640625
3 0.28359375 0.14140625 0.3328125 0.2828125
3 0.459375 0.52265625 0.45625 0.74453125
3 0.5578125 0.86015625 0.31640625 0.26796875
3 0.5140625 0.06484375 0.171484375 0.1296875
3 0.671875 0.36953125 0.29375 0.536328125
3 0.73828125 0.1546875 0.2765625 0.309375
3 0.72734375 0.746875 0.1578125 0.4015625
3 0.90390625 0.68203125 0.18984375 0.571875
3 0.9515625 0.2015625 0.09375 0.403125