3 0.4296875 0.4859375 0.678515625 0.727734375
3 0.025 0.31796875 0.05 0.0921875
3 0.04609375 0.84140625 0.0921875 0.2828125
3 0.06640625 0.159375 0.1328125 0.225
3 0.06640625 0.5609375 0.1328125 0.3375
3 0.11875 0.0375 0.13671875 0.075
3 0.140625 0.9515625 0.12421875 0.09140625
3 0.18828125 0.82265625 0.178125 0.2296875
3 0.2140625 0.7140625 0.15 0.26640625
3 0.1953125 0.5 0.1046875 0.1046875
3 0.2296875 0.3484375 0.17109375 0.2171875
3 0.26171875 0.0859375 0.2046875 0.171875
3 0.2859375 0.1828125 0.17109375 0.1546875
3 0.28203125 0.5796875 0.084375 0.22890625
3 0.31171875 0.78359375 0.0671875 0.1671875
3 0.39765625 0.0453125 0.16484375 0.08984375
3 0.39296875 0.5359375 0.140625 0.30859375
3 0.3828125 0.8796875 0.10234375 0.125
3 0.4296875 0.10859375 0.12734375 0.14765625
3 0.4578125 0.91875 0.1125 0.127734375
3 0.5109375 0.58984375 0.178125 0.26484375
3 0.5078125 0.2515625 0.15234375 0.12734375
3 0.559375 0.65390625 0.191015625 0.301953125
3 0.55 0.03984375 0.15703125 0.0796875
3 0.56015625 0.3171875 0.088671875 0.15
3 0.609375 0.1265625 0.153515625 0.11640625
3 0.6140625 0.8984375 0.16328125 0.19765625
3 0.6671875 0.3234375 0.140625 0.24765625
3 0.66171875 0.19375 0.10703125 0.0828125
3 0.70625 0.7796875 0.14921875 0.19609375
3 0.68125 0.62890625 0.09375 0.273046875
3 0.7484375 0.03125 0.165234375 0.0625
3 0.77109375 0.3765625 0.1390625 0.14140625
3 0.734375 0.6953125 0.062109375 0.090234375
3 0.73984375 0.97890625 0.065625 0.0375
3 0.73203125 0.22734375 0.04140625 0.11015625
3 0.79921875 0.49140625 0.1234375 0.0875
3 0.8859375 0.23515625 0.21484375 0.235546875
3 0.8828125 0.9203125 0.121875 0.15390625
3 0.921875 0.05859375 0.140625 0.1171875
3 0.92578125 0.7421875 0.140625 0.25
3 0.928125 0.4046875 0.140625 0.240234375
3 0.9859375 0.2640625 0.02109375 0.1375