0 0.09140625 0.89375 0.14609375 0.1828125
0 0.509375 0.49921875 0.978125 0.9984375
0 0.1578125 0.4921875 0.165625 0.20703125
0 0.2 0.25 0.13046875 0.162890625
0 0.2203125 0.6765625 0.12265625 0.158984375
0 0.30625 0.80234375 0.121484375 0.165625
0 0.31484375 0.46171875 0.11640625 0.153125
0 0.37109375 0.10546875 0.1609375 0.2109375
0 0.40546875 0.92578125 0.116796875 0.148046875
0 0.41328125 0.57578125 0.1296875 0.173828125
0 0.434375 0.39609375 0.1265625 0.17421875
0 0.44453125 0.7578125 0.1265625 0.177734375
0 0.53671875 0.10234375 0.173828125 0.2046875
0 0.5609375 0.8953125 0.153125 0.2078125
0 0.57890625 0.309375 0.1671875 0.21796875
0 0.55234375 0.5265625 0.10703125 0.14609375
0 0.625 0.68984375 0.13203125 0.16796875
0 0.68984375 0.1421875 0.1234375 0.16640625
0 0.71640625 0.55078125 0.11484375 0.15859375
0 0.7484375 0.84140625 0.13828125 0.16484375
0 0.74453125 0.32734375 0.128125 0.158203125
0 0.8484375 0.48515625 0.14765625 0.1703125
0 0.8921875 0.671875 0.140625 0.171875
0 0.9203125 0.32265625 0.1578125 0.19765625