3 0.0046875 0.34921875 0.009375 0.029296875
3 0.021875 0.48203125 0.018359375 0.040625
3 0.03046875 0.6203125 0.0265625 0.02890625
3 0.03984375 0.45546875 0.03125 0.034375
3 0.053125 0.65390625 0.028125 0.046875
3 0.059375 0.61796875 0.0265625 0.034375
3 0.06484375 0.57578125 0.01875 0.028125
3 0.0671875 0.8609375 0.0234375 0.03671875
3 0.071875 0.16015625 0.02578125 0.05
3 0.07421875 0.82578125 0.023828125 0.0328125
3 0.08125 0.1921875 0.024609375 0.046875
3 0.08125 0.5203125 0.02421875 0.05546875
3 0.084375 0.87734375 0.019140625 0.04375
3 0.0984375 0.1625 0.019140625 0.04375
3 0.103125 0.62109375 0.02578125 0.0421875
3 0.1078125 0.58125 0.03046875 0.03828125
3 0.11875 0.43671875 0.019140625 0.05
3 0.12578125 0.871875 0.0203125 0.04375
3 0.13515625 0.7296875 0.02421875 0.028125
3 0.13515625 0.39765625 0.021875 0.029296875
3 0.13828125 0.11875 0.01875 0.040625
3 0.14140625 0.43203125 0.026171875 0.029296875
3 0.14453125 0.58671875 0.0265625 0.03125
3 0.15 0.7515625 0.019140625 0.034375
3 0.153125 0.91640625 0.01953125 0.028125
3 0.15390625 0.875 0.015625 0.037890625
3 0.15859375 0.37734375 0.021875 0.040625
3 0.1609375 0.8421875 0.01953125 0.03359375
3 0.1640625 0.53125 0.01875 0.03671875
3 0.1640625 0.609375 0.01640625 0.037890625
3 0.184375 0.92578125 0.0265625 0.034375
3 0.18671875 0.73515625 0.019921875 0.034375
3 0.1953125 0.88984375 0.025390625 0.04375
3 0.21171875 0.56640625 0.03046875 0.04765625
3 0.221875 0.85234375 0.0203125 0.0421875
3 0.22890625 0.6328125 0.0265625 0.037890625
3 0.2375 0.659375 0.0203125 0.03671875
3 0.2421875 0.56328125 0.02265625 0.03828125
3 0.2640625 0.65078125 0.03515625 0.041796875
3 0.27578125 0.6984375 0.0203125 0.0234375
3 0.34453125 0.85390625 0.0421875 0.045703125
3 0.3375 0.59765625 0.019140625 0.03125
3 0.340625 0.46484375 0.01953125 0.040625
3 0.35234375 0.70703125 0.019921875 0.029296875
3 0.35859375 0.20625 0.03203125 0.0421875
3 0.359375 0.6265625 0.0234375 0.040625
3 0.37421875 0.14296875 0.023828125 0.0515625
3 0.37421875 0.721875 0.021875 0.0328125
3 0.371875 0.81015625 0.0125 0.034375
3 0.390625 0.71640625 0.025390625 0.036328125
3 0.396875 0.78828125 0.021484375 0.03125
3 0.39765625 0.834375 0.014453125 0.027734375
3 0.40625 0.76796875 0.0203125 0.0203125
3 0.40625 0.23203125 0.01796875 0.03671875
3 0.43125 0.56875 0.01796875 0.04296875
3 0.446875 0.22890625 0.02109375 0.04296875
3 0.453125 0.46875 0.028125 0.069140625
3 0.484375 0.334375 0.028125 0.03125
3 0.49375 0.825 0.02421875 0.046484375
3 0.540625 0.8703125 0.02578125 0.040625
3 0.54296875 0.82890625 0.023828125 0.03125
3 0.57734375 0.24140625 0.0296875 0.040625
3 0.60078125 0.2734375 0.0296875 0.034375
3 0.60390625 0.115625 0.03125 0.034375
3 0.60546875 0.3125 0.0234375 0.025
3 0.621875 0.38515625 0.02578125 0.038671875
3 0.64140625 0.3828125 0.01953125 0.03359375
3 0.6578125 0.709375 0.03984375 0.056640625
3 0.6703125 0.803125 0.03046875 0.0484375
3 0.6953125 0.15390625 0.01953125 0.05078125
3 0.7078125 0.93359375 0.0390625 0.0625
3 0.7265625 0.8453125 0.02265625 0.028125
3 0.73515625 0.88359375 0.032421875 0.0453125
3 0.7578125 0.52890625 0.03125 0.0421875
3 0.7546875 0.1796875 0.022265625 0.04375
3 0.7546875 0.02578125 0.01484375 0.0515625
3 0.76796875 0.2953125 0.026171875 0.04375
3 0.77578125 0.02421875 0.019921875 0.0328125
3 0.7828125 0.1734375 0.02734375 0.034375
3 0.78125 0.50234375 0.008984375 0.045703125
3 0.8 0.196875 0.030859375 0.034375
3 0.82109375 0.5375 0.0265625 0.05625
3 0.821875 0.76484375 0.028125 0.051953125
3 0.821875 0.42109375 0.01953125 0.0578125
3 0.82734375 0.44609375 0.023828125 0.034375
3 0.834375 0.72734375 0.03125 0.023046875
3 0.85078125 0.8984375 0.0453125 0.05
3 0.86875 0.9796875 0.02421875 0.03984375
3 0.88671875 0.72734375 0.0125 0.033203125
3 0.93515625 0.92890625 0.0234375 0.04609375