3 0.0296875 0.83359375 0.058984375 0.1484375
3 0.05859375 0.9140625 0.1015625 0.090625
3 0.1203125 0.80390625 0.0875 0.0953125
3 0.1609375 0.9046875 0.096484375 0.121484375
3 0.1875 0.821875 0.041015625 0.08125
3 0.23828125 0.884375 0.064453125 0.13828125
3 0.3953125 0.196875 0.05 0.05859375
3 0.403125 0.065625 0.05 0.087890625
3 0.42890625 0.14296875 0.034375 0.0921875
3 0.44765625 0.08125 0.03125 0.046484375
5 0.384375 0.80859375 0.244140625 0.38125
5 0.52109375 0.46171875 0.2609375 0.379296875
5 0.6203125 0.81875 0.2578125 0.3609375
5 0.68984375 0.61328125 0.13671875 0.17109375