3 0.01875 0.01484375 0.0375 0.0296875
3 0.11015625 0.15390625 0.0765625 0.06328125
3 0.12265625 0.796875 0.06640625 0.0578125
3 0.15859375 0.85703125 0.086328125 0.0921875
3 0.1984375 0.528125 0.034375 0.02890625
3 0.2140625 0.88203125 0.06484375 0.06015625
3 0.22265625 0.575 0.04140625 0.0515625
3 0.2609375 0.5390625 0.07734375 0.071484375
3 0.396875 0.08203125 0.071875 0.063671875
3 0.45 0.5921875 0.0578125 0.0578125
3 0.6609375 0.8390625 0.05625 0.05625
3 0.859375 0.01875 0.044140625 0.037109375
3 0.8890625 0.4125 0.05625 0.0546875
3 0.92578125 0.48984375 0.05625 0.0546875
3 0.94140625 0.3859375 0.0640625 0.068359375