3 0.05859375 0.38515625 0.1171875 0.15078125
3 0.06875 0.7953125 0.137109375 0.32109375
3 0.16484375 0.5640625 0.1609375 0.39140625
3 0.184375 0.221875 0.16953125 0.27421875
3 0.17265625 0.80390625 0.1078125 0.228125
3 0.21328125 0.3859375 0.15 0.234765625
3 0.26640625 0.66171875 0.0875 0.3484375
3 0.2984375 0.9390625 0.13046875 0.11953125
3 0.3421875 0.44453125 0.180859375 0.398046875
3 0.3140625 0.8421875 0.121875 0.14609375
3 0.35625 0.74296875 0.16796875 0.221875
3 0.3375 0.72109375 0.115625 0.13671875
3 0.38515625 0.14765625 0.12578125 0.27109375
3 0.415625 0.9171875 0.1421875 0.1625
3 0.41171875 0.709375 0.0734375 0.137109375
3 0.48671875 0.25234375 0.1546875 0.3796875
3 0.4953125 0.6046875 0.16015625 0.3515625
3 0.49453125 0.82421875 0.1 0.145703125
3 0.56953125 0.96640625 0.1359375 0.0640625
3 0.59453125 0.88515625 0.16796875 0.2265625
3 0.5859375 0.546875 0.1265625 0.37578125
3 0.6640625 0.30546875 0.168359375 0.376171875
3 0.67578125 0.76171875 0.13984375 0.2234375
3 0.7359375 0.55546875 0.165234375 0.2875
3 0.7015625 0.9359375 0.04609375 0.125
3 0.7796875 0.94453125 0.116015625 0.107421875
3 0.8046875 0.83046875 0.16640625 0.2859375
3 0.8625 0.63125 0.13203125 0.20078125
3 0.8796875 0.9796875 0.10625 0.0375
3 0.8796875 0.91875 0.1 0.072265625
3 0.86875 0.90078125 0.069140625 0.055078125
3 0.93359375 0.7578125 0.13125 0.32109375