3 0.05 0.86796875 0.05 0.1015625
3 0.12421875 0.37734375 0.13828125 0.1265625
3 0.19765625 0.57578125 0.133203125 0.138671875
3 0.22109375 0.2625 0.078125 0.05859375
3 0.3296875 0.67109375 0.125 0.0984375
3 0.34765625 0.94140625 0.11875 0.06015625
3 0.41640625 0.628125 0.086328125 0.087109375
3 0.43125 0.26640625 0.1015625 0.1046875
3 0.43828125 0.5046875 0.1046875 0.08359375
3 0.45546875 0.81328125 0.038671875 0.039453125
3 0.5109375 0.2875 0.068359375 0.096875
3 0.5703125 0.46328125 0.108984375 0.110546875
3 0.56953125 0.87265625 0.03125 0.03828125
3 0.571875 0.9046875 0.0296875 0.03671875
3 0.61015625 0.6171875 0.1046875 0.103125
3 0.64453125 0.82734375 0.028125 0.0234375
3 0.65078125 0.85390625 0.0265625 0.0234375
3 0.671875 0.8296875 0.0234375 0.021875
3 0.6671875 0.92421875 0.00859375 0.01171875
3 0.7125 0.71015625 0.03515625 0.03359375
3 0.76875 0.61640625 0.05625 0.039453125
3 0.80703125 0.425 0.10546875 0.0953125
3 0.809375 0.58515625 0.043359375 0.05625
3 0.8203125 0.62265625 0.06171875 0.06796875
3 0.89453125 0.5515625 0.11015625 0.1046875
3 0.86640625 0.828125 0.033203125 0.03125
3 0.95 0.378125 0.03125 0.08359375