3 0.15859375 0.87109375 0.0578125 0.0453125
3 0.37578125 0.73046875 0.095703125 0.1015625
3 0.36484375 0.04296875 0.0640625 0.0859375
3 0.515625 0.3453125 0.083984375 0.112890625
3 0.50859375 0.70234375 0.0375 0.071875
3 0.53828125 0.46953125 0.0890625 0.121875
3 0.59296875 0.08203125 0.06875 0.0765625
3 0.63046875 0.44921875 0.0859375 0.0953125
3 0.7390625 0.8828125 0.0328125 0.04140625
3 0.79921875 0.890625 0.0234375 0.04921875
3 0.89609375 0.8703125 0.026953125 0.033984375
3 0.92578125 0.96484375 0.05625 0.036328125
3 0.98125 0.89921875 0.03515625 0.0484375
3 0.9828125 0.903125 0.0234375 0.03359375