3 0.075 0.24140625 0.15 0.279296875
3 0.08984375 0.09375 0.1796875 0.184375
3 0.14921875 0.78125 0.2984375 0.371875
3 0.17265625 0.43828125 0.3421875 0.3140625
3 0.2109375 0.19375 0.13125 0.174609375
3 0.28515625 0.0625 0.2625 0.12421875
3 0.29375 0.9328125 0.20546875 0.13359375
3 0.303125 0.6765625 0.121484375 0.10234375
3 0.46640625 0.80859375 0.33828125 0.37421875
3 0.5265625 0.07578125 0.178125 0.1484375
3 0.69140625 0.86796875 0.26171875 0.2609375
3 0.721875 0.25234375 0.321875 0.283203125
3 0.70859375 0.04609375 0.2484375 0.0921875
3 0.821875 0.59765625 0.278515625 0.341796875
3 0.91015625 0.1234375 0.1765625 0.246875
3 0.8890625 0.93671875 0.1234375 0.1078125
3 0.9484375 0.3484375 0.10234375 0.196484375
3 0.95859375 0.87421875 0.07734375 0.2015625
3 0.971875 0.6828125 0.055859375 0.24609375