3 0.4109375 0.97734375 0.058984375 0.0375
3 0.45234375 0.97734375 0.053125 0.0375
3 0.509375 0.87734375 0.078125 0.095703125
3 0.50859375 0.79609375 0.069921875 0.1
3 0.503125 0.97265625 0.04140625 0.04609375
3 0.553125 0.65859375 0.075 0.075
3 0.54765625 0.73984375 0.053125 0.079296875
3 0.56015625 0.95234375 0.07265625 0.0875
3 0.59921875 0.82890625 0.083203125 0.108203125
3 0.603125 0.44609375 0.058984375 0.083203125
3 0.63125 0.70859375 0.06328125 0.083203125
3 0.63515625 0.89140625 0.073046875 0.091796875
3 0.6375 0.9625 0.06171875 0.066015625
3 0.64921875 0.55859375 0.05 0.08359375
3 0.66171875 0.28359375 0.058203125 0.108203125
3 0.66953125 0.83359375 0.058203125 0.125
3 0.68671875 0.4 0.069921875 0.091015625
3 0.69609375 0.325 0.055078125 0.041015625
3 0.69765625 0.18984375 0.053125 0.095703125
3 0.71171875 0.50625 0.075 0.071484375
3 0.72265625 0.575 0.08671875 0.1
3 0.7171875 0.92265625 0.058984375 0.095703125
3 0.73125 0.96640625 0.0640625 0.05859375
3 0.73828125 0.64375 0.07265625 0.0875
3 0.74375 0.41015625 0.0671875 0.0875
3 0.76328125 0.1375 0.05 0.041015625
3 0.7671875 0.19765625 0.053125 0.07109375
3 0.77578125 0.71484375 0.069921875 0.0875
3 0.77734375 0.30390625 0.0671875 0.075
3 0.7796875 0.25234375 0.06015625 0.0875
3 0.78984375 0.36015625 0.04765625 0.0625
3 0.796875 0.58515625 0.06171875 0.104296875
3 0.796875 0.98125 0.04453125 0.02890625
3 0.8078125 0.47890625 0.0609375 0.075
3 0.81328125 0.1 0.0609375 0.058984375
3 0.81640625 0.4125 0.0671875 0.066015625
3 0.83046875 0.15390625 0.0671875 0.05
3 0.821875 0.9375 0.028125 0.05859375
3 0.846875 0.73984375 0.078125 0.1125
3 0.84296875 0.52109375 0.053125 0.075
3 0.846875 0.25859375 0.06171875 0.058203125
3 0.85625 0.06015625 0.058984375 0.0625
3 0.85625 0.30859375 0.058984375 0.05
3 0.871875 0.61640625 0.08359375 0.14140625
3 0.86640625 0.35390625 0.0609375 0.075
3 0.87734375 0.11015625 0.0671875 0.0875
3 0.8828125 0.425 0.06640625 0.075
3 0.90390625 0.21875 0.0640625 0.07890625
3 0.90234375 0.14375 0.05 0.046484375
3 0.9078125 0.48515625 0.0609375 0.09609375
3 0.9125 0.01640625 0.05625 0.0328125
3 0.93046875 0.06484375 0.05 0.095703125
3 0.9453125 0.32265625 0.069140625 0.095703125
3 0.9609375 0.17734375 0.05 0.095703125
3 0.97734375 0.07265625 0.0390625 0.0875