1 0.11328125 0.67265625 0.1890625 0.13515625
1 0.11875 0.921875 0.197265625 0.13203125
1 0.11875 0.16875 0.196875 0.134375
1 0.12109375 0.41953125 0.1921875 0.134375
1 0.37109375 0.41875 0.196875 0.13203125
1 0.36953125 0.1703125 0.1921875 0.1328125
1 0.3703125 0.92265625 0.1921875 0.134375
1 0.37265625 0.67265625 0.194921875 0.130078125
1 0.621875 0.4203125 0.193359375 0.131640625
1 0.62265625 0.16796875 0.1921875 0.1359375
1 0.62265625 0.92578125 0.1921875 0.129296875
1 0.62265625 0.67265625 0.19296875 0.1375
1 0.86953125 0.42109375 0.196875 0.1375
1 0.8734375 0.92578125 0.19609375 0.13203125
1 0.8734375 0.6703125 0.191015625 0.134375
1 0.8734375 0.1671875 0.19140625 0.13359375