3 0.09765625 0.67578125 0.075 0.0765625
3 0.096875 0.97734375 0.059765625 0.0421875
3 0.2859375 0.575 0.19609375 0.1765625
3 0.23515625 0.984375 0.051953125 0.028125
3 0.43671875 0.59921875 0.158203125 0.167578125
3 0.41875 0.878125 0.053515625 0.053515625
3 0.43671875 0.99375 0.040625 0.009765625
3 0.44375 0.934375 0.053515625 0.058984375
3 0.46328125 0.9671875 0.05703125 0.02265625
3 0.5734375 0.66171875 0.162890625 0.126953125
3 0.79296875 0.65546875 0.0796875 0.1109375
3 0.8609375 0.66484375 0.10390625 0.120703125
3 0.8859375 0.934375 0.1015625 0.1140625
3 0.95703125 0.92265625 0.08359375 0.115625