0 0.37109375 0.6578125 0.060546875 0.02734375
0 0.4265625 0.828125 0.16015625 0.2375
0 0.434375 0.6109375 0.11953125 0.024609375
0 0.409375 0.9078125 0.0484375 0.065625
0 0.50703125 0.7796875 0.1828125 0.19453125
0 0.48671875 0.65546875 0.1390625 0.051171875
0 0.58828125 0.9328125 0.18671875 0.13359375
0 0.640625 0.78515625 0.25078125 0.2328125
0 0.74765625 0.91484375 0.1421875 0.09375
0 0.7921875 0.98515625 0.056640625 0.028125
0 0.82734375 0.9703125 0.0625 0.04765625
0 0.8421875 0.99375 0.03828125 0.01015625
0 0.88828125 0.98125 0.058203125 0.03671875