0 0.17421875 0.8921875 0.0171875 0.046875
0 0.1875 0.94453125 0.025390625 0.021875
0 0.20234375 0.8984375 0.032421875 0.04765625
0 0.38203125 0.67734375 0.0375 0.06171875
0 0.38046875 0.94609375 0.02578125 0.04140625
0 0.4296875 0.60546875 0.0171875 0.0328125
0 0.44765625 0.4875 0.03203125 0.06328125
0 0.5375 0.58984375 0.1765625 0.203125
0 0.58515625 0.7875 0.183203125 0.233984375
0 0.509375 0.49921875 0.02265625 0.06484375
0 0.65078125 0.95078125 0.03828125 0.05625
0 0.6546875 0.18828125 0.0328125 0.0453125
0 0.6640625 0.4140625 0.0234375 0.03828125
0 0.7296875 0.59453125 0.15 0.098828125
0 0.7015625 0.4171875 0.037890625 0.046875
0 0.7796875 0.26171875 0.155859375 0.254296875
0 0.853125 0.4765625 0.1765625 0.09921875
0 0.846875 0.70703125 0.02421875 0.046875
0 0.8640625 0.70859375 0.022265625 0.036328125
0 0.88046875 0.2109375 0.0390625 0.04375