2 0.07421875 0.51875 0.111328125 0.230859375
2 0.14765625 0.22578125 0.04375 0.084375
2 0.2671875 0.66796875 0.25625 0.3640625
2 0.28671875 0.4390625 0.04765625 0.05078125
2 0.54375 0.4875 0.0328125 0.12109375
2 0.54140625 0.3625 0.02421875 0.0421875
2 0.57265625 0.3234375 0.026171875 0.071484375
2 0.6015625 0.3140625 0.021484375 0.094140625
2 0.6421875 0.38828125 0.02265625 0.096875
2 0.70703125 0.4140625 0.0265625 0.0640625
2 0.7921875 0.33984375 0.084375 0.142578125
2 0.90859375 0.465625 0.0640625 0.09453125