4 0.01015625 0.59765625 0.0203125 0.22109375
4 0.01328125 0.19375 0.0265625 0.225
4 0.09375 0.40625 0.103125 0.2625
4 0.09609375 0.80859375 0.0984375 0.279296875
4 0.1125 0.06953125 0.0875 0.1390625
4 0.22421875 0.60390625 0.0953125 0.26640625
4 0.23203125 0.203125 0.1015625 0.26875
4 0.3578125 0.81796875 0.109375 0.26015625
4 0.35859375 0.40390625 0.1015625 0.275
4 0.36875 0.065625 0.084375 0.13125
4 0.49609375 0.19921875 0.1078125 0.26484375
4 0.496875 0.609375 0.103125 0.26875
4 0.62890625 0.40390625 0.1046875 0.258203125
4 0.6296875 0.809375 0.103125 0.26484375
4 0.6375 0.06171875 0.0875 0.123046875
4 0.76484375 0.19921875 0.1015625 0.26484375
4 0.7671875 0.6 0.10625 0.266015625
4 0.9015625 0.39765625 0.1125 0.2625
4 0.90234375 0.8125 0.0984375 0.26640625
4 0.90078125 0.06171875 0.0890625 0.12265625