2 0.04375 0.94375 0.0875 0.103125
2 0.128125 0.5921875 0.24921875 0.333984375
2 0.0890625 0.66015625 0.14765625 0.465625
2 0.12734375 0.978125 0.1125 0.0421875
2 0.13515625 0.846875 0.078125 0.252734375
2 0.1984375 0.48984375 0.137890625 0.341796875
2 0.22734375 0.77109375 0.16640625 0.30078125
2 0.240625 0.18828125 0.1875 0.3765625
2 0.25078125 0.58671875 0.11484375 0.109375
2 0.340625 0.3609375 0.1421875 0.32578125
2 0.3234375 0.8828125 0.053125 0.0484375
2 0.42109375 0.51796875 0.1890625 0.35703125
2 0.5078125 0.14765625 0.1421875 0.29375
2 0.4984375 0.83984375 0.115234375 0.317578125
2 0.571875 0.38359375 0.1375 0.38203125
2 0.5640625 0.92734375 0.093359375 0.1359375
2 0.64609375 0.69296875 0.2109375 0.50234375
2 0.78828125 0.79375 0.175 0.409375
2 0.78125 0.4109375 0.12578125 0.42109375
2 0.90546875 0.30859375 0.1875 0.4703125
2 0.91484375 0.7125 0.1515625 0.502734375
2 0.97421875 0.6828125 0.05 0.241015625