2 0.0953125 0.89765625 0.065234375 0.133203125
2 0.15 0.84609375 0.0671875 0.0984375
2 0.2265625 0.71484375 0.16484375 0.16640625
2 0.4234375 0.61328125 0.16875 0.166796875
2 0.5921875 0.53125 0.07109375 0.06953125
2 0.60234375 0.45546875 0.0375 0.041796875
2 0.625 0.4859375 0.0265625 0.046875
2 0.68203125 0.53046875 0.08828125 0.1046875
2 0.6921875 0.4359375 0.02890625 0.05
2 0.7625 0.4234375 0.043359375 0.074609375
2 0.81484375 0.4046875 0.045703125 0.062890625
2 0.89140625 0.36953125 0.1140625 0.07890625