3 0.3828125 0.34453125 0.09140625 0.10859375
3 0.04296875 0.68515625 0.0859375 0.228125
3 0.0890625 0.88046875 0.1625 0.23671875
3 0.165625 0.6765625 0.16171875 0.293359375
3 0.2359375 0.890625 0.146484375 0.216015625
3 0.3203125 0.6796875 0.1609375 0.246875
3 0.39296875 0.89921875 0.139453125 0.2
3 0.45703125 0.69296875 0.1265625 0.251953125
3 0.54140625 0.89140625 0.1484375 0.2140625
3 0.60625 0.68203125 0.15078125 0.23984375
3 0.68671875 0.87421875 0.1265625 0.25
3 0.7359375 0.653125 0.1078125 0.23203125
3 0.80390625 0.878125 0.13203125 0.23203125
3 0.86015625 0.6625 0.141796875 0.23828125
3 0.9328125 0.8703125 0.10234375 0.253125
3 0.96484375 0.6609375 0.06875 0.2296875