0 0.0046875 0.4078125 0.008984375 0.030859375
0 0.0109375 0.48203125 0.021875 0.0296875
0 0.0140625 0.21640625 0.02734375 0.0390625
0 0.0359375 0.96328125 0.06171875 0.0703125
0 0.1359375 0.596875 0.122265625 0.175390625
0 0.1421875 0.85546875 0.12734375 0.17734375
0 0.2359375 0.74296875 0.121484375 0.189453125
0 0.24375 0.56015625 0.13671875 0.1875
0 0.221875 0.859375 0.041015625 0.08828125
0 0.284375 0.3421875 0.12109375 0.14296875
0 0.3890625 0.40546875 0.10859375 0.16875
0 0.55234375 0.353125 0.090625 0.156640625
0 0.58828125 0.8390625 0.10234375 0.23359375
0 0.6 0.4234375 0.040625 0.050390625
0 0.64453125 0.36015625 0.1046875 0.1609375
0 0.6515625 0.56484375 0.03125 0.054296875
0 0.703125 0.34609375 0.0671875 0.128125
0 0.740625 0.2359375 0.106640625 0.17109375
0 0.73671875 0.87890625 0.026953125 0.039453125
0 0.7390625 0.91484375 0.0125 0.026953125
0 0.74140625 0.79609375 0.0140625 0.0140625
0 0.7421875 0.6890625 0.015234375 0.034375
0 0.76484375 0.98671875 0.0359375 0.0234375
0 0.75859375 0.875 0.0125 0.04921875
0 0.7640625 0.76796875 0.021875 0.035546875
0 0.8109375 0.45859375 0.090234375 0.0890625
0 0.84453125 0.22890625 0.117578125 0.178125
0 0.83203125 0.878125 0.03125 0.03046875
0 0.84609375 0.64765625 0.03125 0.051171875
0 0.86796875 0.9671875 0.03125 0.05390625
0 0.9546875 0.29921875 0.090234375 0.176171875