3 0.37421875 0.7453125 0.0296875 0.04375
3 0.38125 0.403125 0.02421875 0.040625
3 0.39921875 0.37890625 0.01875 0.038671875
3 0.421875 0.41640625 0.025390625 0.0328125
3 0.4484375 0.43203125 0.01875 0.029296875
3 0.4640625 0.83359375 0.028125 0.029296875
3 0.4609375 0.9171875 0.019140625 0.05859375
3 0.47578125 0.346875 0.010546875 0.034375
3 0.4890625 0.43984375 0.021875 0.04375
3 0.5328125 0.75078125 0.096484375 0.171875
3 0.50625 0.334375 0.03203125 0.046484375
3 0.5203125 0.4734375 0.01484375 0.0234375
3 0.540625 0.4421875 0.034375 0.03828125
3 0.54140625 0.5078125 0.0265625 0.034375
3 0.5640625 0.1953125 0.040625 0.0640625
3 0.68671875 0.7109375 0.0953125 0.13515625
3 0.734375 0.21640625 0.094140625 0.14375
3 0.715625 0.578125 0.0296875 0.05625
3 0.7265625 0.540625 0.02265625 0.03125
3 0.759375 0.48203125 0.030859375 0.040625
3 0.7625 0.44765625 0.024609375 0.03125
3 0.8375 0.625 0.025390625 0.034375
3 0.8578125 0.23359375 0.02890625 0.051953125
3 0.8578125 0.459375 0.02109375 0.04296875
3 0.92578125 0.90390625 0.134375 0.169921875
3 0.88515625 0.58671875 0.0375 0.038671875
3 0.90234375 0.60625 0.0203125 0.037109375
3 0.9203125 0.22890625 0.03046875 0.0546875
3 0.9828125 0.80078125 0.028125 0.12109375
3 0.99375 0.4359375 0.01171875 0.0625