3 0.60625 0.66875 0.119140625 0.055859375
3 0.29453125 0.61484375 0.101171875 0.030078125
3 0.29609375 0.653125 0.10390625 0.04609375
3 0.3671875 0.6140625 0.053515625 0.05234375
3 0.36953125 0.659375 0.04375 0.0484375
3 0.428125 0.6125 0.072265625 0.06328125
3 0.446875 0.66875 0.105859375 0.05546875
3 0.4609375 0.5765625 0.046875 0.02734375
3 0.50546875 0.58984375 0.0671875 0.042578125
3 0.5375 0.615625 0.084765625 0.043359375
3 0.51171875 0.66953125 0.0234375 0.0375
3 0.64453125 0.6203125 0.10390625 0.053125