0 0.11953125 0.34609375 0.148828125 0.13125
0 0.26015625 0.49921875 0.45625 0.516796875
0 0.6671875 0.8046875 0.662890625 0.387890625
0 0.74609375 0.44296875 0.505078125 0.4265625
3 0.69140625 0.7703125 0.2328125 0.27734375
3 0.41953125 0.90859375 0.171875 0.1796875
3 0.58671875 0.93046875 0.2140625 0.13671875
3 0.58046875 0.37734375 0.17109375 0.278125
3 0.584375 0.53828125 0.046484375 0.24375
3 0.76328125 0.25625 0.140625 0.058984375
3 0.796875 0.95078125 0.190234375 0.0953125
3 0.85625 0.28203125 0.08828125 0.064453125
3 0.91328125 0.85625 0.171875 0.28203125
3 0.96015625 0.28125 0.065625 0.034765625
3 0.9671875 0.9734375 0.062890625 0.05