2 0.0578125 0.85546875 0.05859375 0.13515625
2 0.15546875 0.89453125 0.0640625 0.182421875
2 0.19140625 0.59375 0.04609375 0.0796875
2 0.215625 0.37578125 0.04140625 0.05
2 0.27578125 0.16796875 0.0484375 0.0890625
2 0.35078125 0.70234375 0.11640625 0.13046875
2 0.3703125 0.07734375 0.040625 0.044921875
2 0.4203125 0.71875 0.03125 0.06171875
2 0.4609375 0.12578125 0.05234375 0.121875
2 0.50390625 0.38125 0.0390625 0.0953125
2 0.5609375 0.8609375 0.07578125 0.09765625
2 0.55625 0.15546875 0.021875 0.0421875
2 0.56796875 0.975 0.028125 0.04921875
2 0.64765625 0.65078125 0.0703125 0.053125
2 0.6421875 0.1046875 0.04609375 0.099609375
2 0.64296875 0.33515625 0.045703125 0.098828125
2 0.671875 0.9734375 0.02421875 0.05234375
2 0.69140625 0.14921875 0.051953125 0.1421875
2 0.69921875 0.5234375 0.034375 0.053125
2 0.7625 0.4203125 0.065625 0.074609375
2 0.79375 0.07734375 0.02421875 0.05546875
2 0.8390625 0.09375 0.05 0.119140625
2 0.84296875 0.903125 0.044921875 0.105859375