3 0.146875 0.428125 0.034375 0.03203125
3 0.1453125 0.39921875 0.021875 0.036328125
3 0.1703125 0.5125 0.0203125 0.040625
3 0.175 0.371875 0.0234375 0.040625
3 0.1796875 0.78984375 0.0171875 0.0234375
3 0.184375 0.75625 0.01953125 0.0328125
3 0.19453125 0.31015625 0.03125 0.03828125
3 0.1953125 0.6625 0.021875 0.028515625
3 0.21953125 0.6296875 0.01875 0.04375
3 0.2234375 0.5171875 0.02734375 0.03125
3 0.228125 0.47421875 0.034375 0.04375
3 0.2296875 0.44296875 0.02421875 0.02890625
3 0.240625 0.671875 0.0296875 0.02890625
3 0.24765625 0.31875 0.0265625 0.025
3 0.26015625 0.5078125 0.03203125 0.034375
3 0.2890625 0.70859375 0.03359375 0.0515625
3 0.290625 0.54140625 0.02421875 0.040625
3 0.29921875 0.49140625 0.03203125 0.04765625
3 0.2953125 0.6765625 0.021484375 0.034375
3 0.328125 0.5296875 0.028125 0.02890625
3 0.33203125 0.684375 0.0265625 0.062109375
3 0.3359375 0.47265625 0.0265625 0.040625
3 0.36875 0.41328125 0.030859375 0.05
3 0.3734375 0.63984375 0.0359375 0.04609375
3 0.3765625 0.55546875 0.01484375 0.034375
3 0.39765625 0.42578125 0.02734375 0.03125
3 0.40625 0.4375 0.0390625 0.02890625
3 0.4 0.56796875 0.0109375 0.040625
3 0.4203125 0.54140625 0.01015625 0.02890625
3 0.440625 0.67109375 0.0296875 0.05703125
3 0.4875 0.6953125 0.0140625 0.040625
3 0.5046875 0.6703125 0.01796875 0.0328125
3 0.52421875 0.6578125 0.0265625 0.04609375
3 0.5359375 0.69375 0.0265625 0.02265625
3 0.55078125 0.65625 0.0265625 0.0421875
3 0.56015625 0.5921875 0.021875 0.03125
3 0.56015625 0.61796875 0.0140625 0.0203125
3 0.6046875 0.6375 0.028125 0.04609375