3 0.040625 0.734375 0.08125 0.35
3 0.0640625 0.41015625 0.128125 0.35
3 0.0875 0.140625 0.174609375 0.266015625
3 0.15390625 0.6328125 0.16484375 0.31015625
3 0.18046875 0.3375 0.12890625 0.22890625
3 0.30234375 0.771875 0.3078125 0.415234375
3 0.31015625 0.39375 0.284375 0.340625
3 0.50859375 0.51953125 0.3234375 0.4046875
3 0.5140625 0.25703125 0.20234375 0.130078125
3 0.51875 0.7515625 0.121875 0.08359375
3 0.73359375 0.7578125 0.319921875 0.41640625
3 0.7234375 0.39921875 0.27109375 0.3421875
3 0.8984375 0.63515625 0.202734375 0.3359375