3 0.05625 0.61171875 0.10625 0.08984375
3 0.0359375 0.30546875 0.05625 0.10625
3 0.04921875 0.50546875 0.0703125 0.123046875
3 0.065625 0.16015625 0.078125 0.10859375
3 0.0984375 0.26875 0.0875 0.12109375
3 0.10859375 0.42734375 0.0734375 0.12890625
3 0.10234375 0.72734375 0.0453125 0.116796875
3 0.13203125 0.56015625 0.1015625 0.125
3 0.13359375 0.853125 0.0984375 0.15625
3 0.16484375 0.178125 0.1140625 0.159765625
3 0.16328125 0.36796875 0.1078125 0.11875
3 0.1859375 0.50078125 0.121875 0.15625
3 0.19765625 0.715625 0.1046875 0.16875
3 0.20859375 0.26640625 0.0953125 0.070703125
3 0.221875 0.109375 0.090625 0.11484375
3 0.24375 0.55390625 0.109375 0.15390625
3 0.23671875 0.90625 0.0921875 0.1
3 0.26953125 0.81328125 0.1265625 0.18125
3 0.25390625 0.38515625 0.0859375 0.10390625
3 0.2734375 0.215625 0.084375 0.12734375
3 0.31796875 0.67734375 0.1078125 0.1625
3 0.296875 0.071875 0.053125 0.14375
3 0.3421875 0.328125 0.09375 0.16875
3 0.3328125 0.48125 0.065625 0.1
3 0.359375 0.925 0.11875 0.13359375
3 0.37578125 0.115625 0.1140625 0.20234375
3 0.37890625 0.09140625 0.1015625 0.1625
3 0.425 0.525 0.1375 0.1625
3 0.3984375 0.28125 0.078125 0.14140625
3 0.4171875 0.634375 0.1125 0.08125
3 0.4421875 0.759375 0.090625 0.18984375
3 0.48671875 0.14765625 0.1140625 0.158203125
3 0.48828125 0.91328125 0.1171875 0.16875
3 0.48828125 0.28671875 0.1109375 0.173046875
3 0.53125 0.03984375 0.103125 0.079296875
3 0.53203125 0.60234375 0.1046875 0.16640625
3 0.53515625 0.03984375 0.0890625 0.041796875
3 0.603125 0.728125 0.15625 0.20625
3 0.59765625 0.50390625 0.1265625 0.179296875
3 0.63828125 0.275 0.1328125 0.15390625
3 0.65078125 0.03125 0.1265625 0.0625
3 0.671875 0.871875 0.15 0.19375
3 0.70390625 0.12578125 0.1328125 0.198046875
3 0.715625 0.6 0.134375 0.1875
3 0.73359375 0.41328125 0.1390625 0.201953125
3 0.77734375 0.65703125 0.1734375 0.214453125
3 0.8359375 0.79765625 0.184375 0.208203125
3 0.825 0.95 0.15 0.09609375
3 0.8375 0.23359375 0.165625 0.220703125
3 0.85390625 0.52421875 0.1265625 0.214453125
3 0.921875 0.071875 0.13125 0.14375
3 0.9421875 0.47109375 0.1125 0.25859375
3 0.9453125 0.70859375 0.10625 0.19609375
3 0.95 0.25859375 0.096875 0.20859375
3 0.95 0.896875 0.096875 0.184765625