3 0.0703125 0.73046875 0.140625 0.22578125
3 0.2484375 0.78671875 0.1625 0.245703125
3 0.33828125 0.63359375 0.154296875 0.239453125
3 0.4390625 0.63203125 0.112890625 0.225
3 0.48046875 0.86953125 0.10390625 0.20234375
3 0.61953125 0.9625 0.026171875 0.028125
3 0.69140625 0.7828125 0.030078125 0.05234375
3 0.746875 0.66328125 0.028125 0.040625
3 0.74765625 0.69765625 0.015625 0.0421875
3 0.80078125 0.5671875 0.019921875 0.034765625
3 0.8453125 0.64140625 0.0234375 0.02578125
3 0.8546875 0.61328125 0.01875 0.02421875
3 0.875 0.51875 0.021875 0.01796875
3 0.8734375 0.5984375 0.012890625 0.019140625
3 0.8828125 0.55 0.008984375 0.02421875