3 0.1203125 0.2390625 0.0296875 0.05625
3 0.12265625 0.11484375 0.034375 0.0375
3 0.20234375 0.2765625 0.04296875 0.053125
3 0.25078125 0.1046875 0.0375 0.034375
3 0.26015625 0.3390625 0.0359375 0.05234375
3 0.284375 0.1296875 0.046875 0.0375
3 0.2828125 0.08515625 0.0375 0.04609375
3 0.2984375 0.3296875 0.046875 0.046875
3 0.3125 0.06640625 0.046875 0.04140625
3 0.33515625 0.02109375 0.0390625 0.0359375
3 0.49375 0.20703125 0.0671875 0.0484375
3 0.48984375 0.6125 0.0375 0.05625
3 0.51796875 0.57421875 0.046875 0.053125
3 0.5984375 0.74296875 0.0328125 0.06171875
3 0.659375 0.86640625 0.03125 0.030078125
3 0.68515625 0.46953125 0.0453125 0.0484375
3 0.6984375 0.4296875 0.046875 0.040625
3 0.7328125 0.30703125 0.046484375 0.053125
3 0.834375 0.9078125 0.0359375 0.0515625
3 0.9453125 0.94765625 0.04609375 0.04609375
3 0.94296875 0.80546875 0.0390625 0.04921875