3 0.04375 0.0671875 0.08671875 0.12265625
3 0.04765625 0.41015625 0.0953125 0.194921875
3 0.05078125 0.0734375 0.1015625 0.09609375
3 0.053125 0.2203125 0.10625 0.18671875
3 0.06875 0.21484375 0.1375 0.1734375
3 0.07578125 0.67734375 0.1515625 0.311328125
3 0.08046875 0.68515625 0.1609375 0.330078125
3 0.0484375 0.41640625 0.084375 0.182421875
3 0.18515625 0.8609375 0.2796875 0.27578125
3 0.18125 0.86015625 0.265625 0.276953125
3 0.16640625 0.47109375 0.1515625 0.1921875
3 0.1953125 0.0734375 0.20859375 0.14609375
3 0.19609375 0.0734375 0.2109375 0.13515625
3 0.184375 0.4609375 0.180859375 0.178125
3 0.23359375 0.240625 0.278125 0.35
3 0.234375 0.240625 0.265625 0.33828125
3 0.3265625 0.56015625 0.303515625 0.4171875
3 0.33046875 0.55859375 0.3109375 0.41015625
3 0.41484375 0.06640625 0.2265625 0.1328125
3 0.42578125 0.0703125 0.2375 0.13671875
3 0.4328125 0.7109375 0.2453125 0.34765625
3 0.434375 0.70703125 0.230859375 0.3515625
3 0.4796875 0.7609375 0.28359375 0.36484375
3 0.3875 0.31328125 0.069140625 0.080078125
3 0.4484375 0.20390625 0.183984375 0.115625
3 0.4390625 0.2046875 0.140625 0.131640625
3 0.4890625 0.746875 0.240625 0.35078125
3 0.4140625 0.2046875 0.08515625 0.109375
3 0.54140625 0.371875 0.2765625 0.35078125
3 0.5515625 0.3640625 0.2578125 0.359375
3 0.621875 0.90234375 0.28203125 0.1625
3 0.625 0.8984375 0.284375 0.200390625
3 0.5265625 0.87734375 0.06875 0.0921875
3 0.6578125 0.071875 0.271875 0.14375
3 0.65546875 0.071875 0.2609375 0.14375
3 0.63125 0.58984375 0.2046875 0.19765625
3 0.6578125 0.2953125 0.2515625 0.2671875
3 0.6578125 0.59296875 0.1578125 0.190625
3 0.82265625 0.7828125 0.35 0.337890625
3 0.80234375 0.3125 0.236328125 0.41328125
3 0.8125 0.571875 0.1203125 0.06015625
3 0.8890625 0.09609375 0.202734375 0.1921875
3 0.890625 0.09921875 0.20078125 0.198046875
3 0.90703125 0.4984375 0.16875 0.219140625
3 0.9125 0.49453125 0.174609375 0.201171875
3 0.91328125 0.85859375 0.114453125 0.28125
3 0.92734375 0.79765625 0.1359375 0.401953125
3 0.9375 0.80234375 0.12421875 0.39296875
3 0.95234375 0.290625 0.09375 0.23046875
3 0.9546875 0.3 0.08984375 0.196484375