0 0.04375 0.6125 0.0828125 0.1390625
0 0.08125 0.54765625 0.068359375 0.136328125
0 0.2578125 0.2984375 0.33359375 0.47109375
0 0.1859375 0.59375 0.0640625 0.140625
0 0.26328125 0.77265625 0.12890625 0.1546875
0 0.29609375 0.90625 0.123828125 0.183984375
0 0.41015625 0.728125 0.09140625 0.1671875
0 0.41015625 0.47890625 0.07265625 0.1046875
0 0.45078125 0.603125 0.07421875 0.10703125
0 0.4640625 0.27578125 0.0765625 0.140625
0 0.5296875 0.38203125 0.065625 0.12578125
0 0.6796875 0.834375 0.25234375 0.328125
0 0.7515625 0.284375 0.112890625 0.13828125
0 0.9140625 0.234375 0.16953125 0.2515625
0 0.86484375 0.90625 0.0328125 0.071875
0 0.8828125 0.87109375 0.0265625 0.0546875
0 0.94375 0.7984375 0.03359375 0.034375