2 0.496875 0.50703125 0.7390625 0.9296875
2 0.3484375 0.01171875 0.03515625 0.0234375
2 0.3578125 0.04921875 0.02734375 0.03828125
2 0.41875 0.01171875 0.04296875 0.0234375
2 0.4640625 0.08984375 0.04375 0.0296875
2 0.515625 0.02890625 0.0625 0.0578125
2 0.5828125 0.9765625 0.05625 0.04296875
2 0.603125 0.0125 0.04609375 0.025
2 0.6828125 0.95 0.06484375 0.096875
2 0.69140625 0.08203125 0.05 0.053125
2 0.69765625 0.0390625 0.0296875 0.03828125
2 0.72890625 0.0421875 0.03515625 0.03203125
2 0.85234375 0.18359375 0.026953125 0.042578125