3 0.4 0.77265625 0.07578125 0.10859375
3 0.034375 0.80625 0.06875 0.059375
3 0.08125 0.74453125 0.07109375 0.08203125
3 0.109375 0.80546875 0.078125 0.04609375
3 0.11953125 0.6734375 0.08203125 0.09453125
3 0.1578125 0.74765625 0.07890625 0.0890625
3 0.190625 0.715625 0.06796875 0.077734375
3 0.190625 0.81484375 0.05078125 0.058203125
3 0.28515625 0.8140625 0.070703125 0.046484375
3 0.3171875 0.7515625 0.0671875 0.09296875
3 0.36171875 0.809375 0.0734375 0.05546875
3 0.37109375 0.69375 0.06328125 0.08125
3 0.440625 0.81640625 0.0578125 0.04140625
3 0.4890625 0.70859375 0.034375 0.06015625
3 0.490625 0.775 0.037890625 0.0875
3 0.496875 0.690625 0.04453125 0.078125
3 0.51875 0.8125 0.04609375 0.04296875
3 0.559375 0.784375 0.03671875 0.056640625
3 0.57421875 0.81875 0.048828125 0.037109375
3 0.58203125 0.721875 0.041796875 0.058984375
3 0.6296875 0.7859375 0.062109375 0.072265625
3 0.64375 0.81796875 0.03671875 0.02890625
3 0.665625 0.78359375 0.055859375 0.0671875
3 0.7015625 0.81875 0.046484375 0.037109375
3 0.7359375 0.78515625 0.05234375 0.0671875