3 0.04609375 0.7515625 0.0921875 0.08984375
3 0.0515625 0.23203125 0.103125 0.15
3 0.13671875 0.18046875 0.2734375 0.3609375
3 0.15 0.7078125 0.3 0.18515625
3 0.05234375 0.11171875 0.1015625 0.114453125
3 0.0703125 0.05390625 0.090625 0.1078125
3 0.1140625 0.215625 0.04375 0.1078125
3 0.146875 0.73671875 0.0875 0.046875
3 0.16015625 0.27109375 0.1140625 0.07734375
3 0.18203125 0.14296875 0.1078125 0.16875
3 0.21640625 0.69140625 0.0890625 0.12421875
3 0.2390625 0.09609375 0.0625 0.084375
3 0.26953125 0.66796875 0.0359375 0.076953125
3 0.63671875 0.31328125 0.5296875 0.6265625
3 0.42734375 0.01796875 0.0390625 0.03515625
3 0.43828125 0.08359375 0.0359375 0.08203125
3 0.45703125 0.14453125 0.0578125 0.07265625
3 0.453125 0.36484375 0.04375 0.086328125
3 0.459375 0.453125 0.046875 0.0890625
3 0.4609375 0.0390625 0.0375 0.06796875
3 0.49296875 0.0671875 0.0515625 0.07265625
3 0.5140625 0.371875 0.0625 0.11953125
3 0.51015625 0.21328125 0.0328125 0.028125
3 0.5125 0.1453125 0.028125 0.08984375
3 0.5265625 0.4328125 0.05625 0.03984375
3 0.52421875 0.02734375 0.0359375 0.05390625
3 0.5484375 0.1890625 0.053125 0.10078125
3 0.5515625 0.10234375 0.03125 0.082421875
3 0.5578125 0.04921875 0.040625 0.0421875
3 0.590625 0.42265625 0.05625 0.103125
3 0.57265625 0.0234375 0.0140625 0.046875
3 0.590625 0.12890625 0.040625 0.0515625
3 0.60234375 0.33828125 0.0640625 0.0890625
3 0.609375 0.18671875 0.05625 0.095703125
3 0.603125 0.0390625 0.03125 0.068359375
3 0.61015625 0.10703125 0.0390625 0.073046875
3 0.66015625 0.43671875 0.0453125 0.0609375
3 0.6640625 0.35 0.04375 0.065625
3 0.6703125 0.23125 0.05625 0.115234375
3 0.69375 0.4 0.078125 0.119140625
3 0.69296875 0.17109375 0.0515625 0.065625
3 0.73046875 0.4953125 0.0703125 0.0890625
3 0.75546875 0.34140625 0.0515625 0.110546875
3 0.79140625 0.4421875 0.0765625 0.109765625
3 0.8078125 0.53203125 0.075 0.07265625
3 0.828125 0.38828125 0.053125 0.11015625
3 0.8640625 0.4953125 0.08125 0.10859375