3 0.47421875 0.7265625 0.15234375 0.11171875
3 0.14140625 0.5625 0.1171875 0.128125
3 0.33125 0.67421875 0.118359375 0.1296875
3 0.3359375 0.59921875 0.097265625 0.082421875
3 0.35625 0.540625 0.10703125 0.087109375
3 0.446875 0.58203125 0.10078125 0.109375
3 0.6328125 0.48046875 0.102734375 0.117578125
3 0.68984375 0.7875 0.1078125 0.137890625
3 0.6734375 0.42578125 0.0515625 0.0734375
3 0.73125 0.51953125 0.128125 0.11796875
3 0.734375 0.4125 0.08203125 0.105859375
3 0.7578125 0.346875 0.05625 0.03671875
3 0.82578125 0.38046875 0.1125 0.1328125
3 0.84609375 0.5 0.1234375 0.1359375
3 0.89296875 0.4125 0.04921875 0.0953125