3 0.746875 0.2375 0.1078125 0.17109375
3 0.20234375 0.26328125 0.088671875 0.135546875
3 0.19140625 0.19453125 0.0640625 0.0953125
3 0.2265625 0.3375 0.112109375 0.178125
3 0.26640625 0.19921875 0.0546875 0.0640625
3 0.3046875 0.23359375 0.07109375 0.098046875
3 0.33671875 0.321875 0.119921875 0.168359375
3 0.37265625 0.43046875 0.13515625 0.15390625
3 0.3734375 0.22421875 0.05390625 0.0859375
3 0.4578125 0.3140625 0.1 0.1671875
3 0.528125 0.209375 0.1078125 0.1734375
3 0.56328125 0.35390625 0.1046875 0.16171875
3 0.6296875 0.2203125 0.103515625 0.171484375
3 0.6734375 0.40703125 0.1140625 0.16796875
3 0.790625 0.4203125 0.13203125 0.190234375
3 0.82890625 0.3234375 0.05 0.093359375