3 0.13125 0.72890625 0.212890625 0.267578125
3 0.17890625 0.9390625 0.130078125 0.119140625
3 0.24453125 0.11640625 0.1921875 0.23203125
3 0.23125 0.321875 0.094140625 0.133984375
3 0.36484375 0.54921875 0.1609375 0.251953125
3 0.39609375 0.775 0.19609375 0.290625
3 0.4015625 0.29609375 0.1609375 0.23671875
3 0.41796875 0.096875 0.14765625 0.1734375
3 0.4921875 0.928125 0.196484375 0.14296875
3 0.54453125 0.07734375 0.1484375 0.1546875
3 0.5625 0.334375 0.1359375 0.12734375
3 0.64609375 0.4875 0.2125 0.275390625
3 0.70703125 0.91328125 0.2078125 0.170703125
3 0.6859375 0.1515625 0.11015625 0.17890625
3 0.74921875 0.68203125 0.13828125 0.221875
3 0.796875 0.05859375 0.143359375 0.116796875
3 0.80546875 0.41015625 0.1078125 0.17109375
3 0.91015625 0.84453125 0.178125 0.1984375
3 0.91796875 0.95703125 0.16328125 0.084375
3 0.93984375 0.05234375 0.045703125 0.1046875
3 0.98515625 0.18203125 0.029296875 0.211328125