2 0.053125 0.5421875 0.078125 0.184765625
2 0.16796875 0.8890625 0.071875 0.13125
2 0.20390625 0.653125 0.03203125 0.0625
2 0.23515625 0.91796875 0.0421875 0.08125
2 0.24140625 0.58828125 0.023828125 0.06875
2 0.31171875 0.78828125 0.0734375 0.1484375
2 0.4046875 0.696875 0.068359375 0.128125
2 0.409375 0.4328125 0.03671875 0.07890625
2 0.41484375 0.04921875 0.0484375 0.0984375
2 0.4234375 0.21328125 0.06015625 0.14375
2 0.446875 0.3546875 0.03984375 0.065625
2 0.4671875 0.71484375 0.041015625 0.060546875
2 0.4984375 0.02578125 0.03984375 0.0515625
2 0.5109375 0.47265625 0.06015625 0.151171875
2 0.528125 0.21171875 0.080859375 0.125
2 0.55546875 0.4640625 0.0375 0.05234375
2 0.6046875 0.50625 0.0421875 0.13359375
2 0.7171875 0.29140625 0.11953125 0.28515625
2 0.68828125 0.57890625 0.0484375 0.10390625
2 0.7296875 0.5953125 0.02890625 0.07890625
2 0.8765625 0.3640625 0.0359375 0.09140625
2 0.9375 0.44765625 0.10625 0.1890625
2 0.96796875 0.0609375 0.0625 0.12109375