1 0.009375 0.515625 0.01875 0.075
1 0.071875 0.62890625 0.071484375 0.2765625
1 0.06015625 0.48984375 0.0359375 0.18125
1 0.1203125 0.5296875 0.0484375 0.1015625
1 0.1515625 0.6265625 0.05390625 0.259765625
1 0.1765625 0.53046875 0.058984375 0.111328125
1 0.26015625 0.62734375 0.05625 0.246875
1 0.353125 0.6203125 0.052734375 0.290625
1 0.43125 0.61328125 0.04453125 0.27421875
1 0.57109375 0.3515625 0.0515625 0.07734375
1 0.6234375 0.54296875 0.07265625 0.411328125
1 0.81328125 0.6234375 0.37265625 0.715625
1 0.67265625 0.540625 0.07265625 0.39609375
1 0.66640625 0.43046875 0.0140625 0.13046875
1 0.6984375 0.41484375 0.041015625 0.183203125