2 0.234375 0.22734375 0.06328125 0.098046875
2 0.240625 0.58671875 0.07578125 0.25859375
2 0.34296875 0.409375 0.104296875 0.190234375
2 0.39375 0.375 0.1875 0.25546875
2 0.32890625 0.30078125 0.005078125 0.013671875
2 0.33203125 0.2734375 0.009375 0.01328125
2 0.39375 0.54921875 0.04375 0.1109375
2 0.43046875 0.33671875 0.101953125 0.196875
2 0.52421875 0.4953125 0.1828125 0.26953125
2 0.46328125 0.54453125 0.044921875 0.1640625
2 0.6265625 0.79140625 0.090234375 0.166796875
2 0.6578125 0.42265625 0.0546875 0.1203125
2 0.77734375 0.534375 0.0140625 0.053125
2 0.83515625 0.3703125 0.021875 0.08203125
2 0.903125 0.3859375 0.0296875 0.0640625
2 0.9296875 0.40703125 0.0484375 0.05234375
2 0.91875 0.53515625 0.01796875 0.03984375
2 0.9875 0.41484375 0.01953125 0.04609375