3 0.41640625 0.8203125 0.065625 0.10625
3 0.48984375 0.45390625 0.08046875 0.08828125
3 0.55859375 0.65703125 0.01328125 0.02890625
3 0.6015625 0.0265625 0.05390625 0.03828125
3 0.60234375 0.40390625 0.0546875 0.057421875
3 0.5875 0.6703125 0.01796875 0.025
3 0.62578125 0.63671875 0.01640625 0.034375
3 0.640625 0.67578125 0.024609375 0.0328125
3 0.6765625 0.71640625 0.015234375 0.04375
3 0.690625 0.6875 0.02421875 0.037109375
3 0.721875 0.228125 0.047265625 0.075
3 0.79140625 0.2203125 0.0234375 0.06015625
3 0.865625 0.0859375 0.0734375 0.06953125
3 0.859375 0.5734375 0.0546875 0.05