3 0.46875 0.33984375 0.32265625 0.26953125
3 0.04375 0.45625 0.08671875 0.06875
3 0.0578125 0.39140625 0.115234375 0.144921875
3 0.07578125 0.2609375 0.1515625 0.278125
3 0.0828125 0.5171875 0.165234375 0.099609375
3 0.090625 0.9046875 0.18046875 0.1890625
3 0.159375 0.6390625 0.31875 0.15546875
3 0.09140625 0.09296875 0.151953125 0.080078125
3 0.08359375 0.10390625 0.132421875 0.109375
3 0.21796875 0.76328125 0.2671875 0.092578125
3 0.15390625 0.0234375 0.1265625 0.046875
3 0.18125 0.15078125 0.11171875 0.20703125
3 0.2125 0.9125 0.166015625 0.128125
3 0.25625 0.5125 0.22421875 0.328125
3 0.3375 0.80625 0.278125 0.0765625
3 0.27421875 0.02890625 0.1203125 0.0578125
3 0.271875 0.146875 0.09921875 0.23671875
3 0.3953125 0.89765625 0.315234375 0.203125
3 0.32734375 0.16484375 0.0953125 0.2140625
3 0.36796875 0.04609375 0.0796875 0.0921875
3 0.52578125 0.75078125 0.30625 0.220703125
3 0.525 0.9203125 0.26875 0.1578125
3 0.4515625 0.11640625 0.1078125 0.2203125
3 0.5640625 0.11640625 0.22890625 0.2203125
3 0.63046875 0.40703125 0.30390625 0.3515625
3 0.68125 0.6390625 0.3171875 0.24765625
3 0.65859375 0.128125 0.1578125 0.1296875
3 0.75390625 0.8578125 0.1890625 0.28203125
3 0.8328125 0.77109375 0.3 0.44140625
3 0.803125 0.14375 0.2078125 0.109375
3 0.8265625 0.384375 0.1578125 0.34921875
3 0.8984375 0.34140625 0.1984375 0.325
3 0.85859375 0.05546875 0.1109375 0.1109375
3 0.928125 0.71015625 0.14296875 0.463671875
3 0.9484375 0.12109375 0.08359375 0.195703125
3 0.95625 0.9546875 0.08671875 0.087890625