0 0.24921875 0.9453125 0.15859375 0.109375
0 0.14140625 0.90859375 0.1390625 0.0859375
0 0.27421875 0.76484375 0.186328125 0.071875
0 0.2984375 0.85625 0.16640625 0.0765625
0 0.31328125 0.7921875 0.1 0.112890625
0 0.60546875 0.61171875 0.066796875 0.1078125
0 0.659375 0.80390625 0.127734375 0.1921875
0 0.66328125 0.6125 0.084375 0.075390625
0 0.67421875 0.67734375 0.0984375 0.0609375
0 0.79609375 0.7203125 0.176953125 0.099609375
0 0.83046875 0.915625 0.22734375 0.071875
0 0.8109375 0.975 0.121484375 0.04921875
0 0.94765625 0.9765625 0.10234375 0.0453125