0 0.0921875 0.30390625 0.05390625 0.088671875
0 0.125 0.69609375 0.028125 0.032421875
0 0.1890625 0.31796875 0.028515625 0.0328125
0 0.26328125 0.47265625 0.0328125 0.0328125
0 0.3140625 0.13359375 0.056640625 0.080078125
0 0.33359375 0.90703125 0.0375 0.0328125
0 0.38125 0.12421875 0.0703125 0.09296875
0 0.3796875 0.35390625 0.0421875 0.06328125
0 0.371875 0.87265625 0.012890625 0.026953125
0 0.4234375 0.3484375 0.06640625 0.080859375
0 0.4421875 0.19140625 0.059765625 0.0625
0 0.440625 0.14453125 0.04375 0.07578125
0 0.44453125 0.39453125 0.0484375 0.05859375
0 0.46640625 0.5640625 0.059375 0.05
0 0.5578125 0.95234375 0.02890625 0.03203125
0 0.57421875 0.33203125 0.0609375 0.06640625
0 0.6125 0.034375 0.08125 0.06875
0 0.6203125 0.09921875 0.04609375 0.063671875
0 0.77578125 0.35546875 0.241796875 0.457421875
0 0.840625 0.1640625 0.06953125 0.09140625