3 0.01484375 0.07265625 0.029296875 0.1265625
3 0.19921875 0.140625 0.3984375 0.28125
3 0.0546875 0.6265625 0.06875 0.07109375
3 0.203125 0.49453125 0.196875 0.263671875
3 0.16328125 0.97890625 0.025 0.030078125
3 0.27890625 0.89453125 0.20390625 0.20546875
3 0.325 0.55234375 0.05 0.16015625
3 0.46171875 0.5875 0.2828125 0.377734375
3 0.478125 0.1921875 0.02890625 0.02421875
3 0.5390625 0.83203125 0.122265625 0.225
3 0.73984375 0.765625 0.361328125 0.46796875
3 0.6765625 0.02421875 0.0703125 0.03671875
3 0.7859375 0.2859375 0.03671875 0.03359375
3 0.84921875 0.38359375 0.05625 0.05
3 0.93203125 0.8859375 0.134375 0.225
3 0.94765625 0.75 0.053125 0.0625
3 0.9609375 0.06875 0.037890625 0.065625