3 0.55078125 0.6296875 0.164453125 0.266015625
3 0.0359375 0.5765625 0.071484375 0.140234375
3 0.05234375 0.90625 0.1046875 0.1859375
3 0.0578125 0.25546875 0.115625 0.1859375
3 0.071875 0.43203125 0.137109375 0.180078125
3 0.1140625 0.575 0.09140625 0.125
3 0.165625 0.62109375 0.1578125 0.16484375
3 0.17265625 0.2421875 0.1046875 0.12734375
3 0.2203125 0.1546875 0.13515625 0.190625
3 0.28984375 0.41953125 0.229296875 0.267578125
3 0.259375 0.76484375 0.13671875 0.190625
3 0.3265625 0.1859375 0.07109375 0.10859375
3 0.36875 0.79765625 0.06875 0.144921875
3 0.47109375 0.29609375 0.20546875 0.2703125
3 0.4828125 0.84609375 0.18125 0.25078125
3 0.48515625 0.4875 0.154296875 0.153125
3 0.58203125 0.203125 0.123046875 0.256640625
3 0.59375 0.82890625 0.062890625 0.1453125
3 0.603125 0.41484375 0.0671875 0.184375