3 0.065625 0.29453125 0.03046875 0.03671875
3 0.08046875 0.5109375 0.03515625 0.0359375
3 0.12734375 0.48515625 0.03515625 0.04609375
3 0.23125 0.39609375 0.0359375 0.046875
3 0.23515625 0.7484375 0.0203125 0.04765625
3 0.3140625 0.75078125 0.0375 0.05
3 0.325 0.95859375 0.02734375 0.06171875
3 0.34140625 0.98359375 0.02421875 0.02109375
3 0.35234375 0.72578125 0.01171875 0.04140625
3 0.39765625 0.38125 0.0203125 0.05546875
3 0.546875 0.128125 0.02421875 0.0375
3 0.55078125 0.1546875 0.021875 0.056640625
3 0.65859375 0.6734375 0.0203125 0.03828125
3 0.675 0.28046875 0.025 0.05
3 0.69609375 0.32109375 0.04140625 0.0515625
3 0.75078125 0.5640625 0.019921875 0.040625
3 0.75234375 0.5328125 0.016796875 0.030859375
3 0.8609375 0.0484375 0.02421875 0.03046875
3 0.9125 0.221875 0.02421875 0.03671875
3 0.9140625 0.1796875 0.019140625 0.0375
3 0.975 0.67734375 0.0203125 0.06171875
3 0.97421875 0.40703125 0.015625 0.026953125
3 0.9875 0.38671875 0.019140625 0.0546875