2 0.03046875 0.54140625 0.0609375 0.176953125
2 0.2 0.5609375 0.125 0.425
2 0.3015625 0.19140625 0.0171875 0.03125
2 0.35859375 0.2921875 0.07734375 0.09609375
2 0.3328125 0.2203125 0.0234375 0.034375
2 0.41015625 0.0890625 0.1109375 0.177734375
2 0.5296875 0.6984375 0.105859375 0.234375
2 0.53125 0.2375 0.021875 0.055859375
2 0.571875 0.17421875 0.01953125 0.045703125
2 0.5828125 0.22421875 0.01796875 0.040625
2 0.60703125 0.23671875 0.030078125 0.0390625
2 0.6625 0.1546875 0.01953125 0.0484375
2 0.69375 0.209375 0.019140625 0.040234375
2 0.8765625 0.84765625 0.096875 0.213671875
2 0.88125 0.7171875 0.0234375 0.03671875
2 0.940625 0.26796875 0.1171875 0.14140625