3 0.1671875 0.85546875 0.121484375 0.160546875
3 0.16484375 0.69453125 0.114453125 0.145703125
3 0.1796875 0.96796875 0.115625 0.06171875
3 0.190625 0.2828125 0.11328125 0.13984375
3 0.20703125 0.1875 0.0734375 0.0734375
3 0.2234375 0.12421875 0.07734375 0.092578125
3 0.24921875 0.03671875 0.085546875 0.073046875
3 0.2640625 0.76640625 0.10859375 0.153125
3 0.2734375 0.32890625 0.11640625 0.098828125
3 0.28125 0.91875 0.121875 0.15078125
3 0.28671875 0.23046875 0.0875 0.1078125
3 0.2984375 0.15078125 0.07265625 0.061328125
3 0.30859375 0.09140625 0.061328125 0.076171875
3 0.36875 0.67265625 0.11953125 0.14453125
3 0.371875 0.28671875 0.09921875 0.134375
3 0.3796875 0.9625 0.11171875 0.0734375
3 0.3953125 0.10390625 0.096875 0.071875
3 0.37890625 0.5734375 0.05 0.0671875
3 0.38515625 0.06875 0.0625 0.04375
3 0.4390625 0.309375 0.10703125 0.1515625
3 0.4828125 0.75859375 0.119140625 0.1484375
3 0.47109375 0.2234375 0.0890625 0.07265625
3 0.48515625 0.91875 0.109375 0.15078125
3 0.4734375 0.07734375 0.08125 0.0875
3 0.48359375 0.15390625 0.090625 0.110546875
3 0.528125 0.66171875 0.03046875 0.06171875
3 0.5875 0.15625 0.0578125 0.084375
3 0.62734375 0.96015625 0.1 0.07890625
3 0.64296875 0.8484375 0.115625 0.165234375
3 0.6484375 0.01875 0.07265625 0.037109375
3 0.64921875 0.12265625 0.05859375 0.09921875
3 0.678125 0.17578125 0.10078125 0.07265625
3 0.65078125 0.05078125 0.0421875 0.04765625
3 0.69609375 0.5828125 0.10546875 0.13125
3 0.72890625 0.765625 0.129296875 0.165234375
3 0.7375 0.921875 0.127734375 0.15546875
3 0.72265625 0.08046875 0.07421875 0.0671875
3 0.725 0.27421875 0.07421875 0.123828125
3 0.74375 0.13828125 0.0984375 0.09609375
3 0.7453125 0.0171875 0.080859375 0.03359375
3 0.7703125 0.22265625 0.084375 0.104296875
3 0.77265625 0.58984375 0.055078125 0.103125
3 0.80390625 0.33359375 0.1140625 0.0875
3 0.80703125 0.6609375 0.1203125 0.1390625
3 0.78671875 0.56953125 0.067578125 0.080078125
3 0.8234375 0.11484375 0.07109375 0.0640625
3 0.85625 0.9546875 0.124609375 0.084765625
3 0.83984375 0.17421875 0.06171875 0.0796875
3 0.93125 0.7375 0.12109375 0.13828125
3 0.94296875 0.88515625 0.1109375 0.153125