3 0.0375 0.65859375 0.075 0.13671875
3 0.0703125 0.54609375 0.08671875 0.134375
3 0.1328125 0.65234375 0.0578125 0.046875
3 0.159375 0.5453125 0.08828125 0.13203125
3 0.2046875 0.6546875 0.10546875 0.15546875
3 0.346875 0.68125 0.0875 0.12890625
3 0.43515625 0.0578125 0.1109375 0.115625
3 0.49609375 0.6390625 0.08046875 0.13203125
3 0.5046875 0.284375 0.05625 0.115625
3 0.5171875 0.8046875 0.077734375 0.09765625
3 0.51328125 0.06015625 0.0609375 0.1203125
3 0.51328125 0.35859375 0.0453125 0.066796875
3 0.5265625 0.2 0.04140625 0.084375
3 0.54296875 0.16015625 0.058203125 0.075
3 0.56015625 0.78828125 0.06796875 0.12265625
3 0.55234375 0.2671875 0.048046875 0.09140625
3 0.553125 0.33359375 0.04609375 0.0640625
3 0.5640625 0.65859375 0.06328125 0.15234375
3 0.56484375 0.0578125 0.0546875 0.115625
3 0.58515625 0.1328125 0.0484375 0.056640625
3 0.596875 0.02109375 0.028125 0.0421875
3 0.60859375 0.05 0.026171875 0.096875