3 0.0375 0.65859375 0.075 0.136328125
3 0.0703125 0.54609375 0.08671875 0.134375
3 0.1328125 0.65234375 0.05859375 0.046875
3 0.159375 0.5453125 0.08828125 0.13203125
3 0.2046875 0.6546875 0.105859375 0.155859375
3 0.346875 0.68125 0.0875 0.128515625
3 0.43515625 0.0578125 0.1109375 0.115625
3 0.49609375 0.6390625 0.080078125 0.131640625
3 0.5046875 0.284375 0.05625 0.115625
3 0.5171875 0.8046875 0.077734375 0.09765625
3 0.51328125 0.06015625 0.0609375 0.1203125
3 0.51328125 0.35859375 0.0453125 0.06640625
3 0.5265625 0.2 0.04140625 0.084375
3 0.54296875 0.16015625 0.05859375 0.075
3 0.56015625 0.78828125 0.067578125 0.123046875
3 0.55234375 0.2671875 0.04765625 0.0921875
3 0.553125 0.33359375 0.04609375 0.0640625
3 0.5640625 0.65859375 0.062890625 0.151953125
3 0.56484375 0.0578125 0.0546875 0.115625
3 0.58515625 0.1328125 0.0484375 0.056640625
3 0.596875 0.02109375 0.028125 0.0421875
3 0.60859375 0.05 0.02578125 0.096875