0 0.42578125 0.54609375 0.0609375 0.0921875
0 0.50078125 0.83359375 0.2015625 0.19453125
0 0.47734375 0.49453125 0.0171875 0.0546875
0 0.59296875 0.7765625 0.065625 0.05
0 0.78046875 0.8984375 0.0203125 0.03125
0 0.80078125 0.9046875 0.0515625 0.018359375
0 0.80546875 0.88671875 0.034375 0.02265625
0 0.80625 0.89375 0.01328125 0.00703125
0 0.825 0.89296875 0.01953125 0.034375
0 0.934375 0.67890625 0.13046875 0.057421875
0 0.9421875 0.75546875 0.065625 0.04609375
0 0.984375 0.95859375 0.01328125 0.070703125