2 0.1015625 0.309375 0.1328125 0.084375
2 0.13046875 0.21953125 0.1140625 0.086328125
2 0.1671875 0.37890625 0.124609375 0.076953125
2 0.18828125 0.42734375 0.12421875 0.07734375
2 0.2203125 0.565625 0.122265625 0.08671875
2 0.26484375 0.2125 0.1265625 0.106640625
2 0.3171875 0.265625 0.14921875 0.11015625
2 0.309375 0.5671875 0.08203125 0.09140625
2 0.35078125 0.034375 0.1390625 0.06875
2 0.35 0.46015625 0.12109375 0.0859375
2 0.4 0.41640625 0.133984375 0.0875
2 0.40625 0.3671875 0.121484375 0.058984375
2 0.41328125 0.146875 0.135546875 0.116015625
2 0.55703125 0.54765625 0.15234375 0.07890625
2 0.5671875 0.1578125 0.15234375 0.10703125
2 0.58515625 0.62890625 0.14140625 0.09296875
2 0.64609375 0.796875 0.1078125 0.06796875
2 0.65625 0.72890625 0.128515625 0.079296875
2 0.65859375 0.63515625 0.0828125 0.08515625
2 0.690625 0.86640625 0.1328125 0.1
2 0.6984375 0.66640625 0.14765625 0.0875
2 0.7390625 0.53984375 0.1140625 0.0828125
2 0.83828125 0.83046875 0.142578125 0.0859375
2 0.83671875 0.5671875 0.1140625 0.08515625
2 0.8953125 0.72734375 0.16875 0.0828125
2 0.89140625 0.65078125 0.15 0.0875
2 0.88828125 0.6890625 0.13125 0.025390625