0 0.1171875 0.46171875 0.234375 0.9234375
0 0.3234375 0.45078125 0.40625 0.9015625
0 0.41328125 0.06796875 0.1671875 0.1359375
0 0.43046875 0.15 0.185546875 0.178125
0 0.48203125 0.29296875 0.2046875 0.18125
0 0.5390625 0.42890625 0.196875 0.2125
0 0.59375 0.07890625 0.16328125 0.13125
0 0.63671875 0.16875 0.1765625 0.1671875
0 0.715625 0.76796875 0.234765625 0.264453125
0 0.79765625 0.45390625 0.3984375 0.485546875
0 0.76484375 0.08203125 0.148046875 0.11875
0 0.81171875 0.18359375 0.170703125 0.146875
0 0.93515625 0.771875 0.12734375 0.25625