2 0.1234375 0.7484375 0.09765625 0.08203125
2 0.23515625 0.50703125 0.1734375 0.19375
2 0.20859375 0.72890625 0.0578125 0.045703125
2 0.3234375 0.5890625 0.009765625 0.012890625
2 0.3421875 0.865625 0.01484375 0.02421875
2 0.36171875 0.60546875 0.0515625 0.05078125
2 0.35703125 0.85703125 0.0140625 0.020703125
2 0.3609375 0.91796875 0.01171875 0.02890625
2 0.3765625 0.86328125 0.019140625 0.025
2 0.3796875 0.91875 0.02109375 0.019140625
2 0.4484375 0.83125 0.11640625 0.1765625
2 0.48984375 0.6046875 0.140625 0.233984375
2 0.51015625 0.8578125 0.030078125 0.031640625
2 0.59921875 0.8375 0.1671875 0.209375
2 0.6109375 0.4296875 0.15859375 0.127734375
2 0.5578125 0.9015625 0.015625 0.027734375
2 0.5671875 0.8578125 0.01953125 0.0390625
2 0.58515625 0.58125 0.05 0.03203125
2 0.73828125 0.8875 0.08671875 0.125
2 0.79609375 0.60546875 0.0921875 0.0890625
2 0.890625 0.44765625 0.118359375 0.119921875
2 0.91640625 0.609375 0.05859375 0.13203125