2 0.384375 0.79140625 0.128125 0.16328125
2 0.3890625 0.39609375 0.1140625 0.3953125
2 0.50078125 0.67578125 0.09609375 0.23828125
2 0.46171875 0.42421875 0.008203125 0.0140625
2 0.46171875 0.40234375 0.00625 0.014453125
2 0.47421875 0.4171875 0.008203125 0.01015625
2 0.4796875 0.3609375 0.009375 0.01328125
2 0.540625 0.15234375 0.021875 0.040625
2 0.58515625 0.73046875 0.08828125 0.25625
2 0.6078125 0.39140625 0.1140625 0.33828125
2 0.7125 0.65078125 0.046484375 0.1
2 0.721875 0.7265625 0.0109375 0.0234375