3 0.05 0.4609375 0.03828125 0.0203125
3 0.11328125 0.3453125 0.025 0.02578125
3 0.1203125 0.25234375 0.037109375 0.030078125
3 0.17109375 0.4203125 0.028125 0.0125
3 0.18984375 0.40546875 0.025 0.01171875
3 0.19453125 0.49609375 0.03125 0.015625
3 0.221875 0.4609375 0.037890625 0.030859375
3 0.2453125 0.3375 0.037890625 0.025390625
3 0.28203125 0.33125 0.0359375 0.024609375
3 0.2859375 0.08125 0.033984375 0.01953125
3 0.2859375 0.1140625 0.01796875 0.0203125
3 0.3078125 0.484375 0.0296875 0.02578125
3 0.3765625 0.315625 0.046484375 0.02421875
3 0.39296875 0.2984375 0.04609375 0.0203125
3 0.409375 0.41796875 0.043359375 0.033203125
3 0.4296875 0.28984375 0.02265625 0.0171875
3 0.4546875 0.30625 0.033984375 0.015234375
3 0.45703125 0.4265625 0.038671875 0.02109375
3 0.4734375 0.371875 0.037890625 0.02421875
3 0.4859375 0.14375 0.01875 0.022265625
3 0.50078125 0.31328125 0.028125 0.023046875
3 0.52421875 0.15625 0.013671875 0.015625
3 0.62890625 0.190625 0.0203125 0.030859375
3 0.6875 0.2109375 0.04609375 0.01875
3 0.753125 0.46328125 0.04296875 0.02890625