0 0.04765625 0.2796875 0.0328125 0.04140625
0 0.0640625 0.253125 0.046484375 0.03203125
0 0.09921875 0.49296875 0.115625 0.126171875
0 0.08828125 0.28359375 0.0390625 0.028125
0 0.184375 0.2109375 0.0328125 0.01953125
0 0.34921875 0.6921875 0.31875 0.299609375
0 0.28203125 0.44296875 0.171875 0.12734375
0 0.22109375 0.203125 0.03125 0.018359375
0 0.30546875 0.81171875 0.05234375 0.05859375
0 0.3765625 0.190625 0.184375 0.1421875
0 0.4859375 0.425 0.35859375 0.237890625
0 0.6921875 0.61328125 0.34140625 0.25625
0 0.6921875 0.28359375 0.31875 0.2140625
0 0.88203125 0.42109375 0.163671875 0.158203125