0 0.5609375 0.184375 0.16171875 0.134375
0 0.06484375 0.578125 0.05390625 0.0296875
0 0.08515625 0.8921875 0.078125 0.065625
0 0.13671875 0.49453125 0.0703125 0.040625
0 0.2046875 0.61875 0.056640625 0.06328125
0 0.378125 0.32890625 0.1359375 0.1421875
0 0.47421875 0.61484375 0.1375 0.1390625
0 0.4796875 0.69453125 0.1421875 0.1015625
0 0.5109375 0.5078125 0.125390625 0.118359375
0 0.55390625 0.69921875 0.055078125 0.058203125
0 0.61953125 0.74375 0.061328125 0.071875
0 0.696875 0.45859375 0.08984375 0.1125
0 0.7546875 0.7078125 0.134375 0.134375
0 0.80234375 0.46328125 0.1078125 0.1125
0 0.8609375 0.17109375 0.078125 0.054296875
0 0.87734375 0.253125 0.08828125 0.08203125
0 0.903125 0.23125 0.0765625 0.0640625