0 0.66875 0.284375 0.068359375 0.103125
0 0.19140625 0.65 0.03984375 0.053125
0 0.30625 0.91015625 0.037890625 0.059375
0 0.34453125 0.68828125 0.0453125 0.061328125
0 0.340625 0.7765625 0.034375 0.062109375
0 0.434375 0.53671875 0.034375 0.051171875
0 0.4359375 0.375 0.0359375 0.034375
0 0.4453125 0.68359375 0.03515625 0.0828125
0 0.45703125 0.7890625 0.048046875 0.07734375
0 0.48984375 0.82578125 0.061328125 0.090625
0 0.4984375 0.6703125 0.022265625 0.028515625
0 0.525 0.76953125 0.059765625 0.088671875
0 0.52734375 0.6859375 0.048046875 0.059765625
0 0.5390625 0.25859375 0.05546875 0.07890625
0 0.54140625 0.91015625 0.0515625 0.0515625
0 0.5671875 0.30390625 0.0421875 0.084375
0 0.6375 0.5046875 0.059375 0.1015625
0 0.65234375 0.33828125 0.05859375 0.06953125
0 0.6828125 0.57578125 0.05390625 0.0828125
0 0.7078125 0.8328125 0.03046875 0.08046875
0 0.7296875 0.47109375 0.065234375 0.088671875
0 0.74453125 0.821875 0.04296875 0.040625
0 0.76484375 0.515625 0.0484375 0.08515625
0 0.80625 0.85 0.058984375 0.07578125
0 0.8015625 0.9078125 0.04375 0.06015625