2 0.2375 0.7046875 0.075390625 0.11875
2 0.29609375 0.74375 0.09609375 0.13828125
2 0.35234375 0.725 0.0671875 0.12578125
2 0.51484375 0.4828125 0.05625 0.10625
2 0.53125 0.62421875 0.0859375 0.14140625
2 0.57890625 0.6578125 0.0765625 0.144140625
2 0.64375 0.6265625 0.08046875 0.13046875
2 0.63984375 0.53671875 0.065625 0.075
2 0.6953125 0.365625 0.08984375 0.190625
2 0.784375 0.39609375 0.090625 0.151171875
2 0.7765625 0.04609375 0.06640625 0.0921875
2 0.790625 0.33828125 0.093359375 0.0859375
2 0.8546875 0.13828125 0.11484375 0.109375
2 0.86796875 0.06875 0.1109375 0.1375