2 0.02578125 0.5359375 0.0515625 0.1125
2 0.040625 0.6921875 0.078515625 0.12265625
2 0.08984375 0.6265625 0.148828125 0.13125
2 0.15390625 0.8625 0.203125 0.06796875
2 0.1890625 0.75234375 0.249609375 0.158203125
2 0.2546875 0.61328125 0.25859375 0.1609375
2 0.25859375 0.8375 0.121875 0.06796875
2 0.3890625 0.8796875 0.2734375 0.0609375
2 0.41328125 0.790625 0.298046875 0.15078125
2 0.44140625 0.6578125 0.266796875 0.140234375
2 0.49140625 0.5703125 0.215625 0.066015625
2 0.64140625 0.83046875 0.2734375 0.14375
2 0.68984375 0.6625 0.284375 0.1890625
2 0.79296875 0.82578125 0.194921875 0.1421875