3 0.0359375 0.29140625 0.07109375 0.10078125
3 0.04609375 0.39921875 0.0734375 0.10625
3 0.040625 0.4921875 0.034765625 0.094140625
3 0.13125 0.48203125 0.05546875 0.091796875
3 0.2984375 0.4671875 0.077734375 0.091015625
3 0.30625 0.9125 0.07421875 0.127734375
3 0.36484375 0.16953125 0.1015625 0.1515625
3 0.35546875 0.47578125 0.071875 0.092578125
3 0.37578125 0.64921875 0.06953125 0.0984375
3 0.39453125 0.27734375 0.0875 0.117578125
3 0.45078125 0.17109375 0.083203125 0.140625
3 0.459375 0.8796875 0.053125 0.096875
3 0.61015625 0.71171875 0.07109375 0.121875
3 0.63359375 0.5890625 0.084375 0.13671875
3 0.70078125 0.31328125 0.0609375 0.091796875
3 0.7171875 0.1765625 0.065625 0.091015625
3 0.75078125 0.1140625 0.061328125 0.0875
3 0.771875 0.25546875 0.050390625 0.0703125
3 0.81796875 0.603125 0.048828125 0.08125
3 0.84921875 0.728125 0.065625 0.074609375
3 0.84609375 0.375 0.044921875 0.0625
3 0.85078125 0.4859375 0.0546875 0.083984375
3 0.91796875 0.81171875 0.076953125 0.111328125
3 0.928125 0.528125 0.06484375 0.0796875