0 0.640625 0.1828125 0.1 0.09375
0 0.04296875 0.74140625 0.0359375 0.0296875
0 0.171875 0.70546875 0.065625 0.0578125
0 0.21328125 0.88984375 0.0390625 0.0390625
0 0.27890625 0.8671875 0.0296875 0.028125
0 0.29453125 0.8515625 0.0171875 0.015625
0 0.3171875 0.50078125 0.040625 0.0265625
0 0.38984375 0.4875 0.0671875 0.065625
0 0.61796875 0.571875 0.1890625 0.3375
0 0.6234375 0.88203125 0.065625 0.0609375
0 0.75234375 0.55859375 0.0390625 0.0421875
0 0.796875 0.57734375 0.05625 0.0484375
0 0.82265625 0.24921875 0.0609375 0.0578125
0 0.8328125 0.72578125 0.0375 0.0328125
0 0.8640625 0.590625 0.065625 0.059375
0 0.8625 0.734375 0.03125 0.03125
0 0.87421875 0.1671875 0.0296875 0.028125
0 0.896875 0.14296875 0.034375 0.0359375
0 0.940625 0.56171875 0.0375 0.0296875
0 0.946875 0.60234375 0.040625 0.0390625