3 0.346875 0.375 0.1734375 0.3671875
3 0.0390625 0.8625 0.077734375 0.26875
3 0.0421875 0.4203125 0.084375 0.415625
3 0.09375 0.2328125 0.15 0.25
3 0.09609375 0.7265625 0.1171875 0.3484375
3 0.096875 0.94140625 0.078515625 0.1109375
3 0.1578125 0.41171875 0.1375 0.298828125
3 0.221875 0.91015625 0.16875 0.173046875
3 0.2421875 0.29609375 0.08515625 0.1421875
3 0.2546875 0.5265625 0.08515625 0.1140625
3 0.253125 0.390625 0.03671875 0.175390625
3 0.33125 0.96875 0.06015625 0.05546875
3 0.40625 0.78671875 0.16953125 0.407421875
3 0.4765625 0.91640625 0.19375 0.16015625
3 0.4671875 0.25 0.1515625 0.3515625
3 0.5140625 0.6390625 0.1640625 0.43828125
3 0.5484375 0.38125 0.121484375 0.14453125
3 0.63359375 0.83984375 0.1578125 0.314453125
3 0.65625 0.496875 0.18046875 0.38828125
3 0.69140625 0.28984375 0.1171875 0.1359375
3 0.78515625 0.71875 0.1703125 0.3890625
3 0.80703125 0.94140625 0.1609375 0.1109375
3 0.8140625 0.41796875 0.17265625 0.26875
3 0.8984375 0.66015625 0.0828125 0.21015625
3 0.93359375 0.83046875 0.1296875 0.33359375
3 0.95703125 0.4796875 0.083203125 0.324609375