3 0.6125 0.7140625 0.09375 0.13984375
3 0.590625 0.47265625 0.08203125 0.16015625
3 0.62578125 0.6140625 0.089453125 0.121875
3 0.66875 0.50234375 0.05703125 0.110546875
3 0.70078125 0.59453125 0.10625 0.170703125
3 0.69296875 0.76328125 0.078125 0.165625
3 0.740625 0.4625 0.087109375 0.147265625
3 0.74375 0.65 0.062109375 0.112890625
3 0.7640625 0.834375 0.096484375 0.19453125
3 0.77421875 0.5140625 0.084375 0.181640625
3 0.8109375 0.721875 0.0921875 0.165625
3 0.8171875 0.5546875 0.087890625 0.16875