2 0.01171875 0.63125 0.0234375 0.11875
2 0.06328125 0.61015625 0.05234375 0.07890625
2 0.140625 0.54140625 0.10390625 0.159375
2 0.13515625 0.43359375 0.053125 0.05546875
2 0.22109375 0.4046875 0.1015625 0.1453125
2 0.2421875 0.5984375 0.09296875 0.2375
2 0.31015625 0.4203125 0.0515625 0.068359375
2 0.3125 0.6046875 0.04296875 0.127734375
2 0.32890625 0.53515625 0.0265625 0.04140625
2 0.36484375 0.56171875 0.038671875 0.14375
2 0.3890625 0.44375 0.05390625 0.09453125
2 0.47734375 0.503125 0.02734375 0.028125
2 0.48984375 0.48046875 0.0234375 0.0296875