0 0.4109375 0.3921875 0.08515625 0.137890625
0 0.246875 0.60078125 0.02578125 0.041796875
0 0.396875 0.9609375 0.03125 0.04609375
0 0.440625 0.57265625 0.033984375 0.038671875
0 0.44453125 0.86171875 0.03125 0.05
0 0.4625 0.9296875 0.02265625 0.04296875
0 0.5875 0.2171875 0.06484375 0.071875
0 0.6125 0.54765625 0.02734375 0.03515625
0 0.61640625 0.4953125 0.0296875 0.0265625
0 0.65078125 0.196875 0.05390625 0.0703125
0 0.64921875 0.403125 0.04609375 0.0734375
0 0.64921875 0.54765625 0.02109375 0.025
0 0.6578125 0.584375 0.0203125 0.03203125
0 0.78046875 0.23359375 0.0734375 0.107421875
0 0.79609375 0.83828125 0.098046875 0.110546875
0 0.85546875 0.384375 0.0734375 0.071875
0 0.88828125 0.015625 0.0390625 0.03125
0 0.9296875 0.8875 0.0984375 0.13515625
0 0.909375 0.51171875 0.0265625 0.0296875
0 0.9515625 0.94453125 0.0953125 0.10859375