0 0.015625 0.72890625 0.03125 0.1125
0 0.059375 0.70546875 0.06015625 0.0671875
0 0.28984375 0.3703125 0.20234375 0.26875
0 0.29765625 0.91328125 0.1484375 0.096875
0 0.37890625 0.0109375 0.048828125 0.021875
0 0.46484375 0.5015625 0.216796875 0.271875
0 0.45546875 0.76953125 0.075 0.073828125
0 0.57890625 0.4328125 0.130078125 0.218359375
0 0.61015625 0.03125 0.154296875 0.0625
0 0.88828125 0.66796875 0.09765625 0.12265625
0 0.94375 0.409375 0.06640625 0.08046875
0 0.9734375 0.903125 0.05234375 0.1234375
0 0.975 0.20078125 0.0484375 0.0859375
0 0.97578125 0.07421875 0.04765625 0.0859375