3 0.51015625 0.55234375 0.2109375 0.3109375
3 0.128125 0.63125 0.174609375 0.255859375
3 0.13984375 0.82421875 0.19609375 0.27421875
3 0.1546875 0.365625 0.171875 0.28359375
3 0.209375 0.959375 0.115625 0.08046875
3 0.31328125 0.515625 0.184375 0.255859375
3 0.36171875 0.73125 0.234375 0.2578125
3 0.340625 0.296875 0.17578125 0.25859375
3 0.38125 0.8875 0.218359375 0.22421875
3 0.41640625 0.4421875 0.034375 0.0859375
3 0.51328125 0.340625 0.1234375 0.13046875
3 0.565625 0.91875 0.1671875 0.1609375
3 0.6453125 0.36875 0.1984375 0.2078125
3 0.69453125 0.56640625 0.1828125 0.26875
3 0.7359375 0.90546875 0.2078125 0.178125
3 0.80390625 0.93046875 0.26484375 0.13671875
3 0.7546875 0.39296875 0.0796875 0.1484375
3 0.83046875 0.553125 0.15 0.237890625
3 0.82109375 0.7390625 0.1234375 0.162109375
3 0.9171875 0.8125 0.159765625 0.29375