0 0.86484375 0.71875 0.121875 0.16796875
0 0.0171875 0.74375 0.034375 0.090625
0 0.0453125 0.39453125 0.047265625 0.029296875
0 0.07578125 0.41953125 0.0359375 0.055078125
0 0.0953125 0.4890625 0.04765625 0.05625
0 0.1078125 0.434375 0.053515625 0.062109375
0 0.1671875 0.89296875 0.05234375 0.07890625
0 0.18125 0.76328125 0.05390625 0.07890625
0 0.2078125 0.46171875 0.0671875 0.07890625
0 0.215625 0.83359375 0.06328125 0.084375
0 0.23671875 0.7296875 0.0546875 0.07734375
0 0.2453125 0.41015625 0.0625 0.075
0 0.2578125 0.509375 0.071875 0.07421875
0 0.2859375 0.45 0.0578125 0.0859375
0 0.52265625 0.678125 0.0859375 0.13125
0 0.58125 0.87890625 0.103515625 0.155078125
0 0.58515625 0.50234375 0.076171875 0.073828125
0 0.721875 0.41484375 0.05859375 0.065625
0 0.7359375 0.3546875 0.05859375 0.07890625
0 0.775 0.43828125 0.078125 0.0765625
0 0.7734375 0.66171875 0.07109375 0.113671875
0 0.8390625 0.428125 0.059765625 0.06875
0 0.9515625 0.69765625 0.090625 0.13046875
0 0.95546875 0.3453125 0.078125 0.0765625
0 0.9421875 0.39765625 0.046484375 0.080078125
0 0.98125 0.38125 0.0359375 0.0859375
0 0.98359375 0.44921875 0.032421875 0.04375
0 0.99609375 0.3328125 0.00625 0.012890625