3 0.1890625 0.5390625 0.11484375 0.171875
3 0.096875 0.79765625 0.10859375 0.11953125
3 0.28125 0.30546875 0.019140625 0.135546875
3 0.33203125 0.296875 0.04296875 0.12890625
3 0.36015625 0.0171875 0.08125 0.034375
3 0.36640625 0.59609375 0.078125 0.105078125
3 0.40390625 0.48125 0.120703125 0.1875
3 0.484375 0.5390625 0.09765625 0.20703125
3 0.578125 0.32265625 0.13671875 0.19140625
3 0.6921875 0.7109375 0.121875 0.20703125
3 0.69453125 0.053125 0.109375 0.10625
3 0.7234375 0.54609375 0.121875 0.151171875
3 0.7296875 0.45390625 0.10234375 0.088671875