0 0.81953125 0.89453125 0.2046875 0.2109375
0 0.0890625 0.340625 0.072265625 0.077734375
0 0.15625 0.371875 0.1546875 0.125
0 0.1671875 0.25234375 0.14140625 0.126171875
0 0.21953125 0.3296875 0.1421875 0.134375
0 0.3171875 0.1859375 0.1296875 0.11328125
0 0.5421875 0.95234375 0.2078125 0.09453125
0 0.8234375 0.08671875 0.125390625 0.116796875
0 0.8515625 0.0359375 0.153125 0.071875
0 0.91328125 0.64609375 0.173046875 0.153125
0 0.9296875 0.32890625 0.140234375 0.119921875
0 0.93984375 0.56328125 0.119921875 0.176953125