3 0.74609375 0.73359375 0.2796875 0.3703125
3 0.034375 0.77578125 0.06796875 0.31015625
3 0.0421875 0.959375 0.084375 0.078125
3 0.090625 0.24453125 0.18125 0.3609375
3 0.175 0.80078125 0.24296875 0.2421875
3 0.18046875 0.56796875 0.22421875 0.40859375
3 0.234375 0.9578125 0.19375 0.0828125
3 0.2796875 0.2484375 0.191015625 0.28984375
3 0.4078125 0.56875 0.31484375 0.444140625
3 0.459375 0.184375 0.29453125 0.366015625
3 0.46875 0.87421875 0.26796875 0.248828125
3 0.60859375 0.92578125 0.2671875 0.14453125
3 0.56640625 0.54921875 0.1296875 0.360546875
3 0.68515625 0.38828125 0.2703125 0.340625
3 0.6515625 0.1609375 0.14375 0.216015625
3 0.853125 0.0765625 0.26875 0.15234375
3 0.778125 0.1828125 0.0921875 0.153125
3 0.8875 0.33046875 0.22109375 0.3875
3 0.89609375 0.91171875 0.20703125 0.175
3 0.9234375 0.6703125 0.15234375 0.3046875