3 0.61640625 0.55859375 0.179296875 0.273046875
3 0.0359375 0.03203125 0.071875 0.0640625
3 0.059375 0.40859375 0.11875 0.260546875
3 0.06484375 0.159375 0.1296875 0.23828125
3 0.0390625 0.6265625 0.0734375 0.190625
3 0.1390625 0.6953125 0.16484375 0.21484375
3 0.13046875 0.09296875 0.1421875 0.1859375
3 0.12734375 0.2953125 0.08046875 0.16328125
3 0.19296875 0.49453125 0.14375 0.22734375
3 0.2703125 0.1140625 0.14140625 0.121875
3 0.2984375 0.0359375 0.14609375 0.07109375
3 0.30625 0.70234375 0.137890625 0.2
3 0.30625 0.37890625 0.09296875 0.145703125
3 0.3640625 0.51953125 0.18515625 0.230078125
3 0.3953125 0.2578125 0.16875 0.269140625
3 0.421875 0.1390625 0.13203125 0.13515625
3 0.42421875 0.02890625 0.09609375 0.0578125
3 0.46015625 0.68203125 0.163671875 0.220703125
3 0.5078125 0.38359375 0.158984375 0.225
3 0.5375 0.06015625 0.15 0.1203125
3 0.57890625 0.18359375 0.18515625 0.23671875
3 0.646875 0.328125 0.158984375 0.212890625
3 0.67734375 0.0296875 0.1171875 0.059375
3 0.67734375 0.16015625 0.1046875 0.204296875