3 0.728125 0.2515625 0.1671875 0.2265625
3 0.0921875 0.2703125 0.14375 0.19765625
3 0.1515625 0.50703125 0.09375 0.12421875
3 0.16171875 0.93671875 0.105078125 0.1046875
3 0.19296875 0.059375 0.1546875 0.11875
3 0.23125 0.771875 0.121484375 0.175390625
3 0.2546875 0.2515625 0.16015625 0.20078125
3 0.2734375 0.57734375 0.15234375 0.180078125
3 0.3765625 0.19765625 0.13828125 0.184375
3 0.39765625 0.45390625 0.1421875 0.1828125
3 0.425 0.86953125 0.121484375 0.1421875
3 0.4484375 0.29921875 0.14453125 0.18046875
3 0.8421875 0.06015625 0.159375 0.1203125
3 0.93515625 0.621875 0.10078125 0.0953125