0 0.7125 0.2 0.23359375 0.209375
0 0.00390625 0.453125 0.0078125 0.02265625
0 0.0046875 0.6375 0.00859375 0.034375
0 0.0046875 0.67421875 0.00859375 0.03125
0 0.00625 0.428125 0.01171875 0.034375
0 0.01015625 0.4140625 0.0203125 0.028125
0 0.09921875 0.63046875 0.1984375 0.234375
0 0.0125 0.44375 0.0109375 0.0265625
0 0.021875 0.44765625 0.01953125 0.028125
0 0.02890625 0.42578125 0.011328125 0.010546875
0 0.0328125 0.45859375 0.0140625 0.01953125
0 0.0421875 0.42109375 0.015625 0.0078125
0 0.046875 0.4421875 0.024609375 0.034375
0 0.046875 0.259375 0.01171875 0.027734375
0 0.06328125 0.43359375 0.021875 0.0328125
0 0.10234375 0.80859375 0.0875 0.0859375
0 0.1 0.184375 0.07421875 0.121484375
0 0.146875 0.28828125 0.01328125 0.02734375
0 0.15234375 0.9796875 0.0203125 0.025
0 0.234375 0.1078125 0.18203125 0.162890625
0 0.271875 0.75546875 0.24140625 0.27734375
0 0.27734375 0.32890625 0.021875 0.034375
0 0.32890625 0.9609375 0.126171875 0.075390625
0 0.3015625 0.27890625 0.03515625 0.0484375
0 0.3625 0.228125 0.15625 0.11796875
0 0.4125 0.37109375 0.0234375 0.03828125
0 0.53828125 0.8609375 0.2734375 0.275390625
0 0.490625 0.21875 0.14921875 0.125
0 0.5625 0.33359375 0.046484375 0.065625
0 0.6328125 0.43828125 0.025390625 0.038671875
0 0.75 0.378125 0.06015625 0.08046875
0 0.82109375 0.37734375 0.0359375 0.0671875
0 0.92421875 0.3296875 0.15 0.17734375
0 0.934375 0.93515625 0.1296875 0.12734375
0 0.909375 0.51171875 0.037109375 0.05
0 0.9765625 0.45859375 0.0453125 0.0734375