0 0.09609375 0.68671875 0.105078125 0.135546875
0 0.06484375 0.115625 0.1296875 0.230859375
0 0.11953125 0.5609375 0.2390625 0.440625
0 0.259375 0.10703125 0.233984375 0.213671875
0 0.3265625 0.903125 0.25625 0.19140625
0 0.471875 0.45078125 0.3546875 0.3328125
0 0.49609375 0.08671875 0.1828125 0.1734375
0 0.63984375 0.80078125 0.2171875 0.2234375
0 0.66640625 0.0671875 0.1734375 0.134375
0 0.80625 0.35859375 0.30234375 0.27421875
0 0.8375 0.70078125 0.203125 0.196875
0 0.8296875 0.05546875 0.121875 0.1109375
0 0.93671875 0.26328125 0.125 0.216796875