0 0.5625 0.240625 0.15703125 0.112109375
0 0.14453125 0.5859375 0.134375 0.0828125
0 0.115625 0.81875 0.046875 0.0359375
0 0.1625 0.50625 0.128515625 0.074609375
0 0.15859375 0.81796875 0.0734375 0.0375
0 0.33671875 0.7 0.39453125 0.1703125
0 0.26640625 0.57109375 0.115625 0.1015625
0 0.42890625 0.521875 0.13203125 0.09296875
0 0.52421875 0.4875 0.1359375 0.099609375
0 0.728125 0.25625 0.54296875 0.405859375
0 0.66953125 0.4875 0.0515625 0.03046875
0 0.6921875 0.47421875 0.04453125 0.0171875
0 0.94375 0.5109375 0.11015625 0.0703125