2 0.01953125 0.7234375 0.0390625 0.15390625
2 0.03828125 0.290625 0.07578125 0.31953125
2 0.115625 0.37578125 0.065625 0.1109375
2 0.15078125 0.13359375 0.1234375 0.2671875
2 0.18828125 0.975 0.057421875 0.04921875
2 0.3578125 0.62890625 0.053515625 0.030078125
2 0.40703125 0.07890625 0.065625 0.0859375
2 0.4828125 0.75078125 0.040625 0.17734375
2 0.62265625 0.6078125 0.2890625 0.59296875
2 0.68828125 0.68671875 0.0421875 0.0578125
2 0.771875 0.0515625 0.093359375 0.103125
2 0.82109375 0.53359375 0.059375 0.0703125
2 0.8671875 0.3390625 0.05859375 0.046484375
2 0.884375 0.51015625 0.0734375 0.1828125
2 0.9 0.95703125 0.087109375 0.085546875
2 0.9109375 0.2921875 0.034375 0.022265625
2 0.9296875 0.6671875 0.04765625 0.1140625
2 0.97734375 0.334375 0.04296875 0.0734375