2 0.103125 0.6140625 0.20390625 0.18828125
2 0.19921875 0.4109375 0.13125 0.178125
2 0.2046875 0.78671875 0.0578125 0.05703125
2 0.2203125 0.86015625 0.0375 0.046875
2 0.26015625 0.83671875 0.0375 0.05
2 0.509375 0.41953125 0.516015625 0.661328125
2 0.30078125 0.8546875 0.04375 0.059765625
2 0.696875 0.484375 0.09140625 0.10859375
2 0.81171875 0.98515625 0.04140625 0.0265625
2 0.93125 0.48671875 0.134765625 0.2
2 0.9046875 0.94609375 0.016015625 0.035546875
2 0.93359375 0.9390625 0.035546875 0.068359375
2 0.97890625 0.9671875 0.035546875 0.041015625