4 0.203125 0.39296875 0.13046875 0.11015625
4 0.19453125 0.42734375 0.073828125 0.104296875
4 0.24140625 0.4765625 0.1390625 0.115234375
4 0.25859375 0.5484375 0.1390625 0.1390625
4 0.44453125 0.4625 0.1171875 0.11796875
4 0.446875 0.52421875 0.07265625 0.0953125
4 0.5203125 0.56171875 0.127734375 0.148046875
4 0.56171875 0.6328125 0.14375 0.16015625
4 0.6984375 0.46015625 0.12578125 0.1125
4 0.75 0.48984375 0.119140625 0.10625
4 0.79609375 0.5453125 0.1125 0.12265625
4 0.85 0.59375 0.150390625 0.158984375