3 0.8390625 0.49453125 0.09765625 0.11015625
3 0.0390625 0.61328125 0.03984375 0.067578125
3 0.07734375 0.553125 0.065625 0.072265625
3 0.0734375 0.39765625 0.028515625 0.057421875
3 0.0921875 0.4984375 0.058984375 0.071875
3 0.1109375 0.43203125 0.0609375 0.0671875
3 0.121875 0.3671875 0.04921875 0.05234375
3 0.1515625 0.321875 0.04140625 0.06171875
3 0.159375 0.41796875 0.03359375 0.04609375
3 0.184375 0.36328125 0.0546875 0.07109375
3 0.20859375 0.3171875 0.03828125 0.06171875
3 0.240625 0.2859375 0.02421875 0.03359375
3 0.253125 0.32109375 0.03671875 0.051171875