4 0.1 0.36796875 0.08828125 0.228125
4 0.2015625 0.315625 0.20625 0.44453125
4 0.24921875 0.36328125 0.0703125 0.1640625
4 0.2875 0.3359375 0.10625 0.3578125
4 0.38359375 0.32578125 0.0546875 0.2203125
4 0.41171875 0.30234375 0.09140625 0.35546875
4 0.5453125 0.32578125 0.1015625 0.340625
4 0.55703125 0.2859375 0.08671875 0.1625
4 0.6015625 0.5828125 0.09609375 0.296875
4 0.6140625 0.84375 0.090625 0.30625
4 0.69453125 0.28203125 0.05625 0.18125
4 0.7359375 0.28515625 0.090625 0.3828125
4 0.7390625 0.66171875 0.096875 0.280078125
4 0.940625 0.2578125 0.093359375 0.29765625