3 0.75078125 0.5953125 0.07109375 0.0890625
3 0.28359375 0.3171875 0.0515625 0.09296875
3 0.3234375 0.39140625 0.0625 0.076171875
3 0.32734375 0.6 0.045703125 0.031640625
3 0.39375 0.37421875 0.053125 0.0828125
3 0.3953125 0.66953125 0.02734375 0.0515625
3 0.44765625 0.471875 0.0546875 0.06953125
3 0.45078125 0.3421875 0.05078125 0.0703125
3 0.478125 0.70234375 0.01953125 0.06640625
3 0.5625 0.29375 0.033984375 0.075390625
3 0.61875 0.29296875 0.0453125 0.0546875
3 0.63203125 0.2359375 0.059375 0.06640625
3 0.675 0.496875 0.0671875 0.071875
3 0.67265625 0.590625 0.05390625 0.07109375
3 0.6890625 0.30078125 0.046484375 0.053125
3 0.75703125 0.9140625 0.05078125 0.08828125
3 0.9390625 0.546875 0.034765625 0.04921875
3 0.94453125 0.234375 0.0453125 0.09140625