3 0.221875 0.4046875 0.08828125 0.112109375
3 0.346875 0.63203125 0.084765625 0.1140625
3 0.36171875 0.8078125 0.0890625 0.103125
3 0.33828125 0.228125 0.03359375 0.09765625
3 0.43359375 0.23984375 0.11015625 0.1328125
3 0.46171875 0.40859375 0.09296875 0.09765625
3 0.45078125 0.86640625 0.067578125 0.076953125
3 0.465625 0.73515625 0.0640625 0.08203125
3 0.5125 0.55078125 0.1171875 0.0984375
3 0.69921875 0.1515625 0.059375 0.071875
3 0.7625 0.125 0.05390625 0.07734375
3 0.8828125 0.5671875 0.075 0.06796875
3 0.90625 0.38671875 0.062109375 0.067578125