2 0.0390625 0.39453125 0.078125 0.1234375
2 0.06484375 0.51796875 0.083203125 0.1578125
2 0.20859375 0.4703125 0.09453125 0.17421875
2 0.27734375 0.440625 0.023828125 0.05703125
2 0.32421875 0.58359375 0.07421875 0.171875
2 0.32734375 0.45625 0.063671875 0.083984375
2 0.4421875 0.54453125 0.052734375 0.151171875
2 0.55 0.60625 0.10859375 0.184375
2 0.6390625 0.4640625 0.015625 0.0625
2 0.75078125 0.47734375 0.032421875 0.065625
2 0.7765625 0.56171875 0.0203125 0.090625
2 0.8109375 0.64375 0.037890625 0.109375
2 0.84609375 0.634375 0.04765625 0.12265625
2 0.8796875 0.565625 0.02890625 0.046875
2 0.9125 0.521875 0.04375 0.0625