2 0.34765625 0.75859375 0.404296875 0.142578125
2 0.16328125 0.87578125 0.032421875 0.023828125
2 0.41953125 0.91328125 0.366796875 0.1625
2 0.28671875 0.8109375 0.0296875 0.02734375
2 0.321875 0.85859375 0.0125 0.0140625
2 0.32421875 0.84609375 0.0125 0.011328125
2 0.340625 0.8390625 0.01328125 0.012109375
2 0.34765625 0.82890625 0.0140625 0.015625
2 0.3859375 0.828125 0.01484375 0.01328125
2 0.7671875 0.8328125 0.32734375 0.096875
2 0.634375 0.6046875 0.018359375 0.02109375
2 0.64609375 0.590625 0.0125 0.0125
2 0.65546875 0.575 0.017578125 0.01875