2 0.0703125 0.30390625 0.128125 0.2734375
2 0.19765625 0.328125 0.071875 0.194140625
2 0.26171875 0.19453125 0.111328125 0.1703125
2 0.33203125 0.24453125 0.0640625 0.11875
2 0.39296875 0.29140625 0.06171875 0.09140625
2 0.40625 0.18046875 0.05234375 0.13671875
2 0.45625 0.31328125 0.0796875 0.15234375
2 0.51015625 0.5453125 0.06015625 0.14296875
2 0.53125 0.2734375 0.09375 0.1640625
2 0.5328125 0.52421875 0.09375 0.1671875
2 0.63984375 0.34765625 0.10390625 0.23984375
2 0.696875 0.37265625 0.05390625 0.1546875
2 0.73984375 0.50625 0.04375 0.13046875
2 0.81796875 0.35390625 0.14375 0.2828125
2 0.81484375 0.52578125 0.038671875 0.091796875