3 0.7125 0.72109375 0.1921875 0.14609375
3 0.07109375 0.8140625 0.0671875 0.1546875
3 0.06953125 0.6875 0.0578125 0.071875
3 0.1765625 0.74296875 0.146875 0.07421875
3 0.19453125 0.615625 0.1484375 0.062890625
3 0.325 0.73828125 0.1703125 0.07734375
3 0.32265625 0.5875 0.1015625 0.0546875
3 0.3375 0.63828125 0.0875 0.04609375
3 0.5234375 0.73203125 0.209375 0.13046875
3 0.70390625 0.52421875 0.116796875 0.065625
3 0.69375 0.57734375 0.093359375 0.061328125
3 0.71640625 0.62734375 0.070703125 0.0484375
3 0.79921875 0.65234375 0.114453125 0.11875
3 0.81328125 0.48828125 0.07265625 0.0375
3 0.87890625 0.7203125 0.139453125 0.134375
3 0.85078125 0.5453125 0.065625 0.043359375
3 0.88359375 0.621875 0.1015625 0.05859375
3 0.9125 0.57734375 0.09453125 0.0828125