3 0.6953125 0.85859375 0.07265625 0.075
3 0.32890625 0.8375 0.065625 0.0328125
3 0.340625 0.571875 0.08046875 0.137109375
3 0.33125 0.63828125 0.05546875 0.03125
3 0.3671875 0.73359375 0.05 0.013671875
3 0.3734375 0.50546875 0.0625 0.0765625
3 0.39609375 0.83984375 0.0609375 0.028125
3 0.42421875 0.52109375 0.06875 0.045703125
3 0.615625 0.8609375 0.0703125 0.04765625
3 0.621875 0.640625 0.0328125 0.0234375
3 0.6609375 0.52890625 0.0734375 0.0421875
3 0.67578125 0.6390625 0.066796875 0.018359375