3 0.1734375 0.13828125 0.09453125 0.12265625
3 0.025 0.7546875 0.05 0.03203125
3 0.03203125 0.43046875 0.04375 0.0609375
3 0.1 0.47734375 0.03046875 0.0515625
3 0.12265625 0.50234375 0.023828125 0.020703125
3 0.13046875 0.40703125 0.02265625 0.02734375
3 0.17109375 0.95546875 0.064453125 0.0875
3 0.1890625 0.3890625 0.0453125 0.03984375
3 0.2390625 0.525 0.07890625 0.0984375
3 0.2796875 0.3109375 0.0359375 0.07421875
3 0.353125 0.48203125 0.03671875 0.0390625
3 0.4984375 0.44453125 0.03125 0.014453125
3 0.6609375 0.6265625 0.309765625 0.362890625
3 0.52734375 0.44296875 0.0265625 0.06484375
3 0.6875 0.31484375 0.26796875 0.346875