3 0.61953125 0.50625 0.18671875 0.1015625
3 0.02421875 0.63125 0.0484375 0.053125
3 0.059375 0.57578125 0.08203125 0.0765625
3 0.07421875 0.6375 0.06640625 0.06640625
3 0.1359375 0.65 0.066015625 0.071875
3 0.13828125 0.58203125 0.0609375 0.0546875
3 0.4234375 0.671875 0.106640625 0.09375
3 0.44375 0.5546875 0.1125 0.071875
3 0.478125 0.48046875 0.1046875 0.0671875
3 0.54140625 0.6046875 0.1390625 0.121484375
3 0.5765625 0.6875 0.106640625 0.080859375
3 0.5859375 0.40078125 0.12578125 0.08203125
3 0.70390625 0.6140625 0.16171875 0.0921875
3 0.71171875 0.434375 0.1453125 0.09765625
3 0.74140625 0.3109375 0.16875 0.1078125
3 0.78046875 0.51796875 0.161328125 0.13125
3 0.78359375 0.71015625 0.115625 0.098828125
3 0.8921875 0.30546875 0.13984375 0.0890625
3 0.9125 0.409375 0.11796875 0.08203125
3 0.93984375 0.496875 0.11875 0.1234375