3 0.1375 0.61640625 0.1671875 0.25390625
3 0.14921875 0.3859375 0.17265625 0.234375
3 0.159375 0.1890625 0.15078125 0.187890625
3 0.315625 0.66328125 0.18828125 0.25703125
3 0.303125 0.95703125 0.1625 0.083203125
3 0.325 0.45625 0.1765625 0.228125
3 0.325 0.24765625 0.15390625 0.2046875
3 0.49296875 0.6015625 0.178125 0.2609375
3 0.4921875 0.37109375 0.175 0.259375
3 0.490625 0.18203125 0.153125 0.20390625
3 0.5328125 0.95 0.18046875 0.0984375
3 0.6546875 0.2328125 0.16015625 0.20859375
3 0.6796875 0.6609375 0.17890625 0.237109375
3 0.67109375 0.44375 0.158203125 0.25703125
3 0.74921875 0.94609375 0.175 0.105078125
3 0.8265625 0.16796875 0.159765625 0.210546875
3 0.83828125 0.3703125 0.165625 0.2265625
3 0.85625 0.60078125 0.180859375 0.260546875
3 0.94609375 0.95078125 0.10703125 0.096875