3 0.02109375 0.371875 0.0421875 0.108984375
3 0.08359375 0.446875 0.09296875 0.13515625
3 0.22578125 0.8578125 0.1265625 0.191015625
3 0.29453125 0.38359375 0.151171875 0.194921875
3 0.35546875 0.85703125 0.109375 0.18984375
3 0.45625 0.60703125 0.13828125 0.1625
3 0.69140625 0.36328125 0.1515625 0.1953125
3 0.73046875 0.559375 0.1546875 0.174609375
3 0.71328125 0.046875 0.0578125 0.0625
3 0.78203125 0.22109375 0.146875 0.17265625
3 0.88515625 0.575 0.12734375 0.13359375
3 0.97578125 0.5640625 0.046875 0.14453125