4 0.04921875 0.06484375 0.076953125 0.0921875
4 0.04921875 0.58671875 0.073828125 0.1015625
4 0.0546875 0.67734375 0.08203125 0.0796875
4 0.0578125 0.15625 0.08203125 0.09765625
4 0.05859375 0.36953125 0.076953125 0.103125
4 0.06484375 0.26640625 0.07265625 0.103125
4 0.065625 0.79296875 0.07109375 0.1109375
4 0.06875 0.88046875 0.071484375 0.057421875
4 0.13515625 0.41875 0.08359375 0.09765625
4 0.13515625 0.8453125 0.06796875 0.1015625
4 0.1296875 0.034375 0.04375 0.03125
4 0.14375 0.52421875 0.06953125 0.109375
4 0.22109375 0.678125 0.079296875 0.084765625
4 0.2171875 0.034375 0.06484375 0.05
4 0.221875 0.7875 0.06796875 0.103125
4 0.21015625 0.59453125 0.0390625 0.105078125
4 0.74453125 0.0625 0.063671875 0.1
4 0.8296875 0.21015625 0.080859375 0.090625
4 0.8359375 0.1078125 0.07734375 0.109375
4 0.828125 0.32265625 0.053125 0.10546875
4 0.909375 0.06640625 0.07578125 0.0921875
4 0.915625 0.1484375 0.0875 0.090625
4 0.9078125 0.25859375 0.06953125 0.1
4 0.92109375 0.3703125 0.0875 0.0828125
4 0.91171875 0.5890625 0.064453125 0.10234375
4 0.92421875 0.478125 0.090625 0.1125
4 0.91875 0.88046875 0.068359375 0.057421875
4 0.9671875 0.52109375 0.031640625 0.085546875