2 0.3921875 0.509375 0.35234375 0.290625
2 0.39375 0.95078125 0.02578125 0.0359375
2 0.41953125 0.92890625 0.021875 0.03046875
2 0.44765625 0.9359375 0.0359375 0.03515625
2 0.446875 0.97890625 0.027734375 0.040625
2 0.496875 0.66328125 0.08203125 0.10703125
2 0.48203125 0.88046875 0.02578125 0.034375
2 0.50625 0.86171875 0.03046875 0.041796875
2 0.55625 0.65078125 0.04921875 0.05
2 0.56796875 0.590625 0.06171875 0.090625
2 0.58125 0.5171875 0.052734375 0.078515625
2 0.59921875 0.62890625 0.0328125 0.073046875
2 0.61640625 0.546875 0.0328125 0.080859375
2 0.6609375 0.5796875 0.02734375 0.053125