3 0.53671875 0.55078125 0.1421875 0.19296875
3 0.4296875 0.5671875 0.0828125 0.1171875
3 0.4359375 0.43203125 0.07734375 0.129296875
3 0.48828125 0.36640625 0.10078125 0.17109375
3 0.471875 0.2640625 0.05625 0.103125
3 0.50859375 0.7078125 0.109375 0.10859375
3 0.51015625 0.184375 0.103125 0.16171875
3 0.553125 0.296875 0.0875 0.103125
3 0.553125 0.8046875 0.065625 0.1515625
3 0.6140625 0.2171875 0.11953125 0.13359375
3 0.61015625 0.6140625 0.0890625 0.1484375
3 0.63359375 0.45078125 0.129296875 0.173828125
3 0.63359375 0.784375 0.1265625 0.17890625
3 0.68125 0.6421875 0.1265625 0.20859375
3 0.678125 0.28203125 0.106640625 0.180078125
3 0.7609375 0.471875 0.13515625 0.166015625
3 0.7875 0.56953125 0.06953125 0.084375