0 0.8890625 0.440625 0.16875 0.2234375
0 0.15078125 0.3421875 0.3015625 0.684375
0 0.265625 0.7671875 0.1125 0.156640625
0 0.29296875 0.603125 0.1125 0.159765625
0 0.303125 0.8234375 0.065625 0.17734375
0 0.34296875 0.58359375 0.0765625 0.1546875
0 0.37578125 0.30546875 0.114453125 0.180078125
0 0.34296875 0.66953125 0.01796875 0.02734375
0 0.3734375 0.390625 0.02890625 0.04921875
0 0.50625 0.81015625 0.29453125 0.37734375
0 0.425 0.41484375 0.12578125 0.1484375
0 0.45625 0.17578125 0.1109375 0.16171875
0 0.5140625 0.2578125 0.11015625 0.10859375
0 0.5015625 0.3734375 0.03984375 0.058984375
0 0.653125 0.396875 0.32578125 0.494140625
0 0.8453125 0.64609375 0.15390625 0.210546875
0 0.93359375 0.303125 0.13125 0.17265625
0 0.9421875 0.7515625 0.090625 0.081640625
0 0.95625 0.671875 0.08671875 0.21328125
0 0.990625 0.4875 0.0171875 0.1453125