2 0.11484375 0.47734375 0.03203125 0.04140625
2 0.1203125 0.42734375 0.03515625 0.05859375
2 0.15234375 0.7953125 0.0953125 0.215625
2 0.134375 0.52109375 0.053515625 0.06875
2 0.13203125 0.225 0.04375 0.06484375
2 0.15625 0.48359375 0.05625 0.05703125
2 0.1578125 0.20703125 0.03359375 0.034375
2 0.33515625 0.16953125 0.26875 0.146875
2 0.3359375 0.87109375 0.237890625 0.190625
2 0.6015625 0.85859375 0.16015625 0.13359375
2 0.63515625 0.17890625 0.2203125 0.15625
2 0.8484375 0.65546875 0.1640625 0.234375
2 0.8546875 0.28984375 0.14375 0.34375