3 0.03203125 0.52421875 0.0640625 0.1640625
3 0.06328125 0.24375 0.1140625 0.1578125
3 0.09140625 0.78515625 0.1296875 0.1828125
3 0.15703125 0.91796875 0.132421875 0.163671875
3 0.2015625 0.81796875 0.10859375 0.15234375
3 0.2359375 0.0890625 0.108984375 0.178125
3 0.2359375 0.68515625 0.103515625 0.161328125
3 0.24296875 0.3859375 0.1171875 0.17265625
3 0.3078125 0.49140625 0.11875 0.1640625
3 0.4265625 0.68125 0.13046875 0.19140625
3 0.459375 0.03828125 0.108984375 0.0765625
3 0.53671875 0.33671875 0.11484375 0.17421875
3 0.559375 0.6734375 0.12578125 0.194140625
3 0.5609375 0.053125 0.1 0.10625
3 0.6609375 0.07265625 0.10390625 0.1453125
3 0.68125 0.63125 0.1296875 0.18671875
3 0.7765625 0.05859375 0.108984375 0.116796875
3 0.85546875 0.165625 0.1 0.1828125
3 0.9140625 0.75234375 0.10859375 0.1828125
3 0.9546875 0.1546875 0.090234375 0.166015625