3 0.0078125 0.51015625 0.015625 0.065625
3 0.0359375 0.63203125 0.025 0.05
3 0.08515625 0.5703125 0.046875 0.05
3 0.11328125 0.3078125 0.0609375 0.077734375
3 0.1921875 0.86171875 0.06640625 0.08984375
3 0.2078125 0.3390625 0.059375 0.066015625
3 0.221875 0.7328125 0.084375 0.096875
3 0.25390625 0.2359375 0.0578125 0.075390625
3 0.29140625 0.66171875 0.0921875 0.1140625
3 0.3 0.29609375 0.046875 0.053125
3 0.35078125 0.7578125 0.08125 0.08828125
3 0.38046875 0.35234375 0.0296875 0.05
3 0.48984375 0.51015625 0.0859375 0.1078125
3 0.5359375 0.3921875 0.07734375 0.066015625
3 0.58359375 0.74453125 0.06875 0.08359375
3 0.821875 0.634375 0.0859375 0.12109375
3 0.9046875 0.83359375 0.08125 0.1015625
3 0.9046875 0.98359375 0.07109375 0.030078125
3 0.928125 0.68046875 0.096875 0.096875
3 0.94296875 0.7859375 0.0703125 0.0828125
3 0.9921875 0.27109375 0.015234375 0.092578125