3 0.0515625 0.5234375 0.103125 0.325
3 0.09140625 0.22890625 0.1828125 0.3671875
3 0.1015625 0.8109375 0.203125 0.278515625
3 0.18046875 0.53984375 0.225 0.334375
3 0.28984375 0.78203125 0.23515625 0.303125
3 0.2875 0.23359375 0.218359375 0.3375
3 0.41640625 0.50234375 0.223046875 0.338671875
3 0.521875 0.2203125 0.26875 0.309765625
3 0.50390625 0.79453125 0.22421875 0.3125
3 0.634375 0.49453125 0.2578125 0.3734375
3 0.74921875 0.7625 0.25 0.331640625
3 0.77265625 0.18125 0.23125 0.262890625
3 0.884375 0.415625 0.228125 0.365234375
3 0.89453125 0.91328125 0.17734375 0.0609375
3 0.9328125 0.7359375 0.13359375 0.349609375
3 0.94609375 0.1578125 0.10625 0.19609375