2 0.1046875 0.3140625 0.1125 0.08359375
2 0.15390625 0.5171875 0.023046875 0.044140625
2 0.1640625 0.45546875 0.021875 0.0546875
2 0.1890625 0.48828125 0.0296875 0.0625
2 0.19140625 0.925 0.0328125 0.02421875
2 0.21875 0.50234375 0.0328125 0.06875
2 0.22578125 0.92890625 0.033203125 0.020703125
2 0.79375 0.396875 0.040234375 0.096875
2 0.79140625 0.24453125 0.02578125 0.0640625
2 0.80546875 0.84296875 0.0265625 0.05
2 0.93515625 0.25703125 0.11328125 0.0796875
2 0.95390625 0.84375 0.090625 0.0484375
2 0.978125 0.46015625 0.0203125 0.04453125
2 0.99140625 0.390625 0.015625 0.05625