3 0.3234375 0.0546875 0.03125 0.040234375
3 0.3984375 0.15546875 0.0328125 0.04140625
3 0.4140625 0.078125 0.03984375 0.037109375
3 0.4125 0.1171875 0.0203125 0.0484375
3 0.4125 0.18359375 0.01953125 0.0203125
3 0.43671875 0.1125 0.0140625 0.021875
3 0.4546875 0.61953125 0.02265625 0.04140625
3 0.471875 0.7 0.028515625 0.053125
3 0.48359375 0.38984375 0.0203125 0.033203125
3 0.5234375 0.40390625 0.02265625 0.028125
3 0.5796875 0.54765625 0.03515625 0.028125
3 0.5765625 0.3046875 0.027734375 0.02109375
3 0.6046875 0.24765625 0.03515625 0.0515625
3 0.8328125 0.6203125 0.027734375 0.043359375
3 0.83671875 0.715625 0.0265625 0.04140625
3 0.8546875 0.7421875 0.0234375 0.03203125
3 0.85703125 0.67421875 0.0140625 0.0546875
3 0.9078125 0.7453125 0.0328125 0.03671875
3 0.94375 0.728125 0.027734375 0.02578125
3 0.9828125 0.42265625 0.03125 0.061328125