3 0.88125 0.7046875 0.11171875 0.13359375
3 0.0875 0.85390625 0.11796875 0.115625
3 0.1203125 0.7953125 0.08359375 0.08515625
3 0.18359375 0.87265625 0.0953125 0.136328125
3 0.26875 0.8546875 0.08125 0.13515625
3 0.3546875 0.90703125 0.11640625 0.113671875
3 0.346875 0.803125 0.07578125 0.071484375
3 0.4453125 0.8234375 0.090234375 0.10859375
3 0.46171875 0.73046875 0.084375 0.1234375
3 0.528125 0.834375 0.078125 0.1078125
3 0.5515625 0.72578125 0.0921875 0.13359375
3 0.60703125 0.8203125 0.0734375 0.1171875
3 0.7546875 0.69609375 0.11484375 0.13125
3 0.8125 0.62109375 0.0609375 0.08828125
3 0.85 0.63125 0.0859375 0.09296875
3 0.95546875 0.6921875 0.08828125 0.16171875