3 0.09765625 0.2296875 0.023828125 0.044140625
3 0.14609375 0.16328125 0.03828125 0.0546875
3 0.31875 0.13984375 0.034375 0.04765625
3 0.35234375 0.14296875 0.0359375 0.055078125
3 0.36015625 0.31875 0.041796875 0.037890625
3 0.3640625 0.29453125 0.0375 0.05
3 0.38125 0.53359375 0.03046875 0.045703125
3 0.390625 0.565625 0.024609375 0.040625
3 0.41875 0.5390625 0.02578125 0.034765625
3 0.425 0.059375 0.037890625 0.065625
3 0.43359375 0.15234375 0.0421875 0.05546875
3 0.43984375 0.52734375 0.0203125 0.0421875
3 0.46171875 0.0125 0.035546875 0.024609375
3 0.46015625 0.046875 0.0265625 0.05078125
3 0.465625 0.5953125 0.028125 0.04296875
3 0.48984375 0.32109375 0.02578125 0.046875
3 0.5171875 0.33984375 0.034765625 0.044921875
3 0.5484375 0.571875 0.028125 0.03125
3 0.56953125 0.48984375 0.02421875 0.040625
3 0.6140625 0.13359375 0.040234375 0.060546875
3 0.62421875 0.39921875 0.0328125 0.051953125
3 0.634375 0.20546875 0.04140625 0.06171875
3 0.653125 0.27109375 0.025390625 0.045703125
3 0.6828125 0.44296875 0.0328125 0.03828125
3 0.7125 0.27421875 0.0390625 0.0515625
3 0.76953125 0.3375 0.03984375 0.06796875
3 0.81640625 0.21640625 0.032421875 0.048046875
3 0.84296875 0.42890625 0.033203125 0.057421875
3 0.96015625 0.225 0.03203125 0.05390625
3 0.98671875 0.390625 0.02578125 0.05