0 0.234375 0.084375 0.15 0.16875
0 0.015625 0.02109375 0.03125 0.041796875
0 0.14140625 0.0890625 0.084375 0.15703125
0 0.16796875 0.271875 0.120703125 0.13671875
0 0.2375 0.19609375 0.099609375 0.060546875
0 0.34296875 0.3578125 0.0859375 0.12890625
0 0.43828125 0.365625 0.108203125 0.1375
0 0.4421875 0.96796875 0.08359375 0.06171875
0 0.49609375 0.1734375 0.0953125 0.1125
0 0.53359375 0.20390625 0.059375 0.0921875
0 0.61640625 0.934375 0.045703125 0.080859375
0 0.80625 0.61640625 0.3859375 0.47421875
0 0.7515625 0.11171875 0.1125 0.15
0 0.95625 0.03046875 0.0859375 0.0609375
0 0.9765625 0.31015625 0.0453125 0.14453125