2 0.0078125 0.7171875 0.015234375 0.04375
2 0.01171875 0.68359375 0.0234375 0.0296875
2 0.10703125 0.37265625 0.2140625 0.238671875
2 0.06953125 0.721875 0.1265625 0.1921875
2 0.171875 0.59140625 0.01796875 0.05
2 0.225 0.009375 0.021875 0.01875
2 0.2328125 0.9890625 0.028125 0.02109375
2 0.25234375 0.0109375 0.0234375 0.021875
2 0.26015625 0.98046875 0.019921875 0.036328125
2 0.32734375 0.06484375 0.1359375 0.1296875
2 0.2859375 0.978125 0.021875 0.04296875
2 0.58359375 0.06484375 0.1390625 0.1296875
2 0.83046875 0.328125 0.173046875 0.219140625
2 0.940625 0.73125 0.11796875 0.18203125
2 0.95546875 0.53359375 0.03359375 0.040625
2 0.98359375 0.5703125 0.03125 0.043359375