0 0.28671875 0.853125 0.1265625 0.159765625
0 0.0171875 0.5796875 0.03359375 0.1234375
0 0.021875 0.715625 0.04375 0.14453125
0 0.02734375 0.45546875 0.0546875 0.175
0 0.03203125 0.334375 0.054296875 0.14453125
1 0.940625 0.4828125 0.11875 0.252734375
1 0.04453125 0.81015625 0.0890625 0.29921875
1 0.078125 0.33671875 0.04453125 0.353125
1 0.0890625 0.86796875 0.05390625 0.26171875
1 0.1265625 0.23828125 0.07578125 0.2953125
1 0.13671875 0.34140625 0.0734375 0.2625
1 0.1390625 0.85 0.05 0.2109375
1 0.50625 0.5265625 0.240625 0.85390625
2 0.7640625 0.4890625 0.465625 0.978125