3 0.046875 0.7328125 0.03671875 0.0328125
3 0.0765625 0.7109375 0.040625 0.0359375
3 0.07734375 0.753125 0.016796875 0.030859375
3 0.08828125 0.8921875 0.02265625 0.021875
3 0.109375 0.74765625 0.006640625 0.0109375
3 0.16328125 0.775 0.02265625 0.04140625
3 0.1734375 0.87421875 0.025 0.0171875
3 0.2828125 0.3296875 0.04296875 0.04140625
3 0.2890625 0.78359375 0.02890625 0.0515625
3 0.29921875 0.521875 0.0328125 0.03671875
3 0.3234375 0.4765625 0.04296875 0.0421875
3 0.32421875 0.9328125 0.040625 0.0328125
3 0.34765625 0.365625 0.03671875 0.0359375
3 0.36796875 0.4484375 0.0359375 0.033984375
3 0.38515625 0.83203125 0.03828125 0.0359375
3 0.39140625 0.7921875 0.025 0.0265625
3 0.3984375 0.715625 0.0390625 0.0546875
3 0.409375 0.4640625 0.03203125 0.034375
3 0.4125 0.8125 0.0296875 0.0234375
3 0.43984375 0.2765625 0.084375 0.0609375
3 0.44296875 0.4125 0.05 0.04453125
3 0.4453125 0.71171875 0.040625 0.041796875
3 0.47734375 0.575 0.05 0.03046875
3 0.5203125 0.23359375 0.05390625 0.0171875
3 0.509375 0.95078125 0.0265625 0.034375
3 0.5375 0.6078125 0.04921875 0.0375
3 0.559375 0.96640625 0.03671875 0.0375
3 0.5640625 0.70234375 0.040625 0.0390625
3 0.64765625 0.3953125 0.059375 0.03359375
3 0.6515625 0.559375 0.043359375 0.030859375
3 0.6421875 0.7640625 0.0203125 0.0296875
3 0.6671875 0.5796875 0.06171875 0.0421875
3 0.73359375 0.5078125 0.042578125 0.043359375
3 0.7546875 0.3234375 0.05390625 0.03984375
3 0.84609375 0.828125 0.0640625 0.0375
3 0.85078125 0.540625 0.0546875 0.04921875
3 0.88046875 0.61796875 0.0359375 0.04453125
3 0.8984375 0.35078125 0.07265625 0.04921875
3 0.9203125 0.634375 0.021484375 0.025390625
3 0.94453125 0.284375 0.04140625 0.02578125
3 0.95234375 0.32421875 0.0578125 0.06171875
3 0.94765625 0.8796875 0.034375 0.02265625
3 0.96953125 0.7859375 0.059375 0.0515625
3 0.98515625 0.30546875 0.026953125 0.0484375
3 0.99296875 0.79375 0.011328125 0.030859375