3 0.0171875 0.14296875 0.034375 0.051171875
3 0.15234375 0.24609375 0.163671875 0.173046875
3 0.35390625 0.1671875 0.07265625 0.1078125
3 0.4859375 0.784375 0.0546875 0.0421875
3 0.4953125 0.8390625 0.06796875 0.071875
3 0.5 0.3875 0.028125 0.065625
3 0.5109375 0.23203125 0.04375 0.0625
3 0.5234375 0.76171875 0.053515625 0.0640625
3 0.58515625 0.27890625 0.065625 0.0921875
3 0.62734375 0.52890625 0.133203125 0.175
3 0.5890625 0.371875 0.053515625 0.090625
3 0.62578125 0.63046875 0.0984375 0.09375
3 0.65546875 0.81953125 0.130078125 0.159375
3 0.74453125 0.625 0.101171875 0.122265625
3 0.77734375 0.77734375 0.1296875 0.16484375
3 0.828125 0.51640625 0.09453125 0.1171875
3 0.86875 0.96171875 0.08671875 0.075
3 0.85390625 0.7484375 0.041796875 0.106640625
3 0.90078125 0.3421875 0.109375 0.14453125
3 0.9265625 0.70625 0.1140625 0.134375