3 0.203125 0.540625 0.0203125 0.0265625
3 0.234375 0.61015625 0.030859375 0.028125
3 0.24296875 0.54453125 0.0140625 0.0296875
3 0.25390625 0.4921875 0.029296875 0.012109375
3 0.29140625 0.575 0.02890625 0.02578125
3 0.2984375 0.28125 0.028515625 0.03046875
3 0.309375 0.590625 0.01953125 0.037109375
3 0.33671875 0.621875 0.0203125 0.02578125
3 0.34609375 0.54453125 0.026171875 0.019921875
3 0.36484375 0.06484375 0.021875 0.0265625
3 0.371875 0.01953125 0.0359375 0.021875
3 0.38046875 0.4875 0.02890625 0.01953125
3 0.4171875 0.053125 0.044140625 0.01328125
3 0.4109375 0.61875 0.028515625 0.019140625
3 0.415625 0.6671875 0.01328125 0.02734375
3 0.42421875 0.4703125 0.0171875 0.01015625
3 0.4296875 0.58359375 0.02890625 0.028125
3 0.45625 0.5015625 0.0203125 0.0265625
3 0.47265625 0.6453125 0.026171875 0.021875
3 0.48359375 0.50546875 0.0375 0.017578125
3 0.49609375 0.69765625 0.02734375 0.03046875
3 0.496875 0.5859375 0.021875 0.02109375
3 0.509375 0.6734375 0.027734375 0.024609375
3 0.5546875 0.68671875 0.0359375 0.01171875
3 0.5640625 0.51953125 0.044140625 0.015625
3 0.5734375 0.48359375 0.04921875 0.0265625
3 0.58515625 0.16328125 0.026171875 0.017578125
3 0.59375 0.68125 0.02890625 0.01953125
3 0.6 0.115625 0.030859375 0.02578125
3 0.61953125 0.3296875 0.05625 0.033984375
3 0.609375 0.69765625 0.01875 0.0125
3 0.65390625 0.503125 0.053125 0.028125
3 0.66640625 0.43203125 0.0375 0.02578125
3 0.70859375 0.40078125 0.0328125 0.02578125
3 0.725 0.6421875 0.027734375 0.028125
3 0.72578125 0.25546875 0.026171875 0.023046875
3 0.72578125 0.66640625 0.02578125 0.01953125
3 0.734375 0.69765625 0.028515625 0.011328125
3 0.75390625 0.55078125 0.030078125 0.021875
3 0.75625 0.27421875 0.0359375 0.02421875
3 0.7484375 0.72890625 0.01484375 0.010546875
3 0.778125 0.515625 0.034375 0.0359375
3 0.7828125 0.1421875 0.030859375 0.024609375
3 0.78046875 0.1765625 0.021875 0.0203125
3 0.79609375 0.56640625 0.02890625 0.03203125
3 0.8 0.36953125 0.02421875 0.0265625
3 0.834375 0.4765625 0.034375 0.040625
3 0.95078125 0.66171875 0.026953125 0.0203125
3 0.9671875 0.6765625 0.034375 0.01015625