4 0.221875 0.92578125 0.06171875 0.063671875
4 0.23046875 0.67578125 0.04375 0.1328125
4 0.2328125 0.41953125 0.047265625 0.063671875
4 0.3640625 0.81328125 0.0609375 0.1203125
4 0.36484375 0.53203125 0.059375 0.135546875
4 0.36796875 0.2375 0.04140625 0.12890625
4 0.50390625 0.3765625 0.05703125 0.12890625
4 0.50703125 0.66875 0.059375 0.13046875
4 0.50703125 0.91796875 0.048046875 0.080078125
4 0.64296875 0.8125 0.059375 0.1265625
4 0.6453125 0.5203125 0.05546875 0.12421875
4 0.63671875 0.23203125 0.02734375 0.13046875
4 0.7640625 0.43125 0.02890625 0.027734375
4 0.77421875 0.67421875 0.0375 0.1328125
4 0.78203125 0.91953125 0.0453125 0.071875