3 0.575 0.65859375 0.08203125 0.0828125
3 0.303125 0.3125 0.046484375 0.06796875
3 0.32734375 0.34375 0.039453125 0.05
3 0.340625 0.53828125 0.04296875 0.07421875
3 0.36171875 0.61953125 0.046875 0.0984375
3 0.38828125 0.5578125 0.042578125 0.078515625
3 0.39453125 0.3234375 0.05078125 0.05546875
3 0.390625 0.4921875 0.027734375 0.055859375
3 0.39921875 0.29140625 0.035546875 0.042578125
3 0.41328125 0.45234375 0.054296875 0.0875
3 0.41328125 0.31796875 0.046875 0.04453125
3 0.41640625 0.62890625 0.0390625 0.061328125
3 0.4203125 0.5 0.03984375 0.071484375
3 0.43046875 0.2796875 0.0328125 0.03125
3 0.43984375 0.484375 0.021875 0.06015625
3 0.45234375 0.2671875 0.03125 0.03984375
3 0.46328125 0.584375 0.040625 0.094140625
3 0.465625 0.30703125 0.03203125 0.034375
3 0.48125 0.48984375 0.04375 0.070703125
3 0.4796875 0.26875 0.025 0.03125
3 0.49375 0.66171875 0.043359375 0.1140625
3 0.50078125 0.30078125 0.02578125 0.03828125
3 0.5125 0.246875 0.02109375 0.04296875
3 0.52421875 0.58046875 0.04296875 0.0875
3 0.53515625 0.36953125 0.04296875 0.05859375
3 0.53046875 0.2640625 0.01484375 0.034375
3 0.56328125 0.46640625 0.06796875 0.09296875
3 0.56484375 0.32734375 0.032421875 0.073828125
3 0.5921875 0.559375 0.06484375 0.13203125
3 0.5828125 0.26875 0.03359375 0.046484375
3 0.60625 0.30625 0.04296875 0.05
3 0.60546875 0.3953125 0.035546875 0.05
3 0.62734375 0.296875 0.0328125 0.04296875
3 0.63203125 0.38046875 0.032421875 0.0671875
3 0.66640625 0.646875 0.06875 0.122265625
3 0.6640625 0.55390625 0.05234375 0.12421875
3 0.6609375 0.29609375 0.025390625 0.046875
3 0.71484375 0.5 0.04375 0.0859375
3 0.77890625 0.54921875 0.09375 0.126953125
3 0.784375 0.484375 0.08671875 0.105859375
3 0.81640625 0.6453125 0.0671875 0.106640625
3 0.828125 0.55390625 0.07265625 0.07890625
3 0.90078125 0.46640625 0.063671875 0.0703125
3 0.91171875 0.6359375 0.070703125 0.1
3 0.9140625 0.5453125 0.06015625 0.0703125
3 0.965625 0.565625 0.059375 0.11171875
3 0.96015625 0.47421875 0.04296875 0.07734375
3 0.98515625 0.63671875 0.028125 0.0984375