1 0.8296875 0.5015625 0.24765625 0.26171875
1 0.796875 0.30546875 0.253515625 0.258203125
1 0.87109375 0.7453125 0.08203125 0.29609375
1 0.9421875 0.76015625 0.084375 0.271875
1 0.95 0.09765625 0.09609375 0.07734375
1 0.959375 0.78125 0.078125 0.309375
1 0.9703125 0.23359375 0.05625 0.06640625
1 0.98984375 0.265625 0.015625 0.03984375
3 0.15625 0.575 0.31171875 0.2796875
3 0.39375 0.41328125 0.25625 0.271875
3 0.471875 0.30390625 0.1078125 0.14375
3 0.50703125 0.225 0.098046875 0.11953125
3 0.56328125 0.3359375 0.098046875 0.090625
3 0.625 0.11171875 0.19375 0.198046875
3 0.59921875 0.2734375 0.10234375 0.1359375
3 0.78125 0.05625 0.19765625 0.11171875