1 0.8296875 0.5015625 0.247265625 0.262109375
1 0.796875 0.30546875 0.25390625 0.25859375
1 0.87109375 0.7453125 0.082421875 0.296484375
1 0.9421875 0.76015625 0.084375 0.271875
1 0.95 0.09765625 0.09609375 0.07734375
1 0.959375 0.78125 0.078125 0.309375
1 0.9703125 0.23359375 0.05625 0.06640625
1 0.98984375 0.265625 0.015625 0.040234375
3 0.15625 0.575 0.31171875 0.2796875
3 0.39375 0.41328125 0.25625 0.271875
3 0.471875 0.30390625 0.10703125 0.14375
3 0.50703125 0.225 0.09765625 0.1203125
3 0.56328125 0.3359375 0.098046875 0.090625
3 0.625 0.11171875 0.19375 0.19765625
3 0.59921875 0.2734375 0.101953125 0.13515625
3 0.78125 0.05625 0.197265625 0.112109375