0 0.021875 0.93828125 0.04296875 0.02578125
0 0.028125 0.1875 0.05625 0.022265625
0 0.05625 0.4890625 0.112109375 0.383984375
0 0.04609375 0.9296875 0.026171875 0.021875
0 0.078125 0.1171875 0.04375 0.0359375
0 0.7125 0.22734375 0.534375 0.4546875
0 0.54765625 0.6796875 0.075 0.04296875
0 0.56328125 0.6046875 0.04765625 0.0296875
0 0.64765625 0.69296875 0.04296875 0.040625
0 0.80234375 0.8015625 0.054296875 0.02890625
0 0.81171875 0.76640625 0.073828125 0.044921875
0 0.890625 0.5296875 0.077734375 0.05625
0 0.896875 0.82265625 0.06484375 0.0390625
0 0.95234375 0.85703125 0.071875 0.034375
0 0.96015625 0.75234375 0.078125 0.061328125