0 0.28828125 0.29765625 0.08515625 0.1296875
0 0.30703125 0.44609375 0.1109375 0.151953125
0 0.3515625 0.67890625 0.11484375 0.16015625
0 0.35703125 0.340625 0.1171875 0.1734375
0 0.4203125 0.5859375 0.10703125 0.15625
0 0.45859375 0.18828125 0.10703125 0.16640625
0 0.5484375 0.59765625 0.1 0.16796875
0 0.64609375 0.6953125 0.059375 0.0671875
0 0.80625 0.5453125 0.275390625 0.340234375
0 0.98671875 0.40234375 0.025 0.138671875
0 0.9890625 0.7203125 0.0203125 0.11328125
0 0.99140625 0.81484375 0.01640625 0.06953125