0 0.32265625 0.72734375 0.135546875 0.125
0 0.03984375 0.678125 0.0796875 0.0875
0 0.04296875 0.76953125 0.0859375 0.0890625
0 0.10546875 0.79140625 0.16171875 0.11328125
0 0.13515625 0.6921875 0.144921875 0.08984375
0 0.184375 0.85625 0.1359375 0.109375
0 0.2015625 0.74609375 0.13203125 0.09765625
0 0.29296875 0.8390625 0.1515625 0.1125
0 0.32734375 0.79765625 0.14453125 0.0734375
1 0.74296875 0.7015625 0.166796875 0.16015625
1 0.79140625 0.7234375 0.171875 0.1875
1 0.86640625 0.63671875 0.02109375 0.03671875
5 0.8296875 0.2875 0.252734375 0.17421875