3 0.33828125 0.33984375 0.08828125 0.1203125
3 0.0265625 0.43515625 0.05234375 0.1703125
3 0.02734375 0.5734375 0.0546875 0.12265625
3 0.0453125 0.78125 0.08984375 0.14765625
3 0.075 0.9125 0.14296875 0.1703125
3 0.12734375 0.53984375 0.13125 0.114453125
3 0.14375 0.4359375 0.106640625 0.10859375
3 0.16171875 0.81640625 0.12734375 0.1875
3 0.20625 0.93515625 0.12421875 0.125
3 0.2109375 0.3765625 0.07734375 0.0875
3 0.26484375 0.81640625 0.12734375 0.2078125
3 0.26953125 0.6234375 0.117578125 0.16640625
3 0.27890625 0.3234375 0.103125 0.1375
3 0.3359375 0.1671875 0.097265625 0.12109375
3 0.3734375 0.90390625 0.153515625 0.151953125
3 0.35546875 0.5828125 0.08828125 0.11484375
3 0.37890625 0.7453125 0.1234375 0.16484375
3 0.4359375 0.1453125 0.084375 0.1
3 0.46328125 0.52734375 0.098046875 0.139453125
3 0.4859375 0.6484375 0.116015625 0.127734375
3 0.51953125 0.90390625 0.13125 0.1875
3 0.54140625 0.1234375 0.06171875 0.0875
3 0.57421875 0.49765625 0.09375 0.11015625
3 0.59921875 0.74765625 0.117578125 0.160546875
3 0.60625 0.4234375 0.0828125 0.10234375
3 0.65078125 0.93984375 0.15 0.114453125
3 0.61640625 0.3296875 0.0734375 0.09609375
3 0.62734375 0.17890625 0.069921875 0.1125
3 0.67109375 0.29140625 0.065625 0.1078125
3 0.70859375 0.8453125 0.140625 0.1546875
3 0.68046875 0.56015625 0.0765625 0.125
3 0.70078125 0.4015625 0.08046875 0.07265625
3 0.69453125 0.11015625 0.05234375 0.08515625
3 0.71796875 0.725 0.0921875 0.125
3 0.73515625 0.2640625 0.05234375 0.0828125
3 0.74609375 0.17890625 0.065625 0.07734375
3 0.7421875 0.1328125 0.046875 0.06015625
3 0.79921875 0.83359375 0.108203125 0.151953125
3 0.79921875 0.57109375 0.089453125 0.1375
3 0.80078125 0.68515625 0.07890625 0.1453125
3 0.7984375 0.26640625 0.062109375 0.1078125
3 0.85859375 0.3375 0.0734375 0.109765625
3 0.865625 0.71015625 0.050390625 0.15
3 0.90625 0.70625 0.0484375 0.1328125
3 0.921875 0.5984375 0.0765625 0.1078125
3 0.95 0.49140625 0.09453125 0.1125
3 0.98046875 0.5890625 0.0359375 0.1171875