0 0.57109375 0.87734375 0.15 0.1015625
0 0.02109375 0.428125 0.0421875 0.03203125
0 0.025 0.45234375 0.05 0.039453125
0 0.03203125 0.72265625 0.0640625 0.05625
0 0.0453125 0.78515625 0.090234375 0.092578125
0 0.1578125 0.284375 0.23984375 0.0546875
0 0.08125 0.43359375 0.0703125 0.034375
0 0.171875 0.621875 0.14765625 0.07890625
0 0.1796875 0.50703125 0.068359375 0.034375
0 0.2609375 0.48984375 0.09375 0.057421875
0 0.26484375 0.4546875 0.0859375 0.03203125
0 0.325 0.65390625 0.162109375 0.08125
0 0.3140625 0.60234375 0.13203125 0.06171875
0 0.43984375 0.8609375 0.367578125 0.184765625
0 0.3640625 0.4875 0.084375 0.049609375
0 0.37421875 0.45625 0.0921875 0.03046875
0 0.56328125 0.2546875 0.2859375 0.05625
0 0.74296875 0.365625 0.37421875 0.08515625
0 0.690625 0.49140625 0.09375 0.0625
0 0.75703125 0.50234375 0.121875 0.061328125
0 0.7640625 0.5375 0.115625 0.0375
0 0.83125 0.45625 0.11015625 0.0453125
0 0.875 0.621875 0.14609375 0.07890625
0 0.865625 0.496875 0.12421875 0.0703125
0 0.9328125 0.68046875 0.1296875 0.10234375
0 0.9796875 0.62890625 0.0359375 0.03828125