3 0.325 0.5296875 0.11875 0.10546875
3 0.028125 0.94765625 0.055859375 0.065625
3 0.1390625 0.36015625 0.06875 0.098046875
3 0.15625 0.62109375 0.04453125 0.083203125
3 0.1625 0.66953125 0.05546875 0.0546875
3 0.19140625 0.32265625 0.03671875 0.0390625
3 0.215625 0.37890625 0.055859375 0.063671875
3 0.3 0.42265625 0.0671875 0.1
3 0.39609375 0.4578125 0.075 0.0875
3 0.4546875 0.7984375 0.0671875 0.1265625
3 0.4765625 0.196875 0.046875 0.07578125
3 0.50390625 0.9015625 0.075 0.06875
3 0.51875 0.55078125 0.08046875 0.128125
3 0.53125 0.2859375 0.06953125 0.0921875
3 0.53359375 0.16328125 0.05859375 0.084375
3 0.5828125 0.06328125 0.0921875 0.12578125
3 0.5734375 0.91796875 0.06484375 0.0671875
3 0.6203125 0.87578125 0.07265625 0.075
3 0.6609375 0.4296875 0.09140625 0.144140625
3 0.89453125 0.903125 0.06171875 0.0828125
3 0.9265625 0.23828125 0.05859375 0.129296875
3 0.965625 0.87578125 0.06640625 0.1
3 0.98359375 0.3890625 0.03125 0.07265625