3 0.0625 0.76796875 0.125 0.163671875
3 0.28125 0.28359375 0.5625 0.5671875
3 0.17265625 0.77734375 0.0859375 0.12265625
3 0.2453125 0.64140625 0.1203125 0.16484375
3 0.23359375 0.7984375 0.073046875 0.103125
3 0.34140625 0.9765625 0.0578125 0.04609375
3 0.41015625 0.609375 0.1203125 0.1359375
3 0.4484375 0.48515625 0.11484375 0.1546875
3 0.4390625 0.93359375 0.072265625 0.090625
3 0.55546875 0.51171875 0.0984375 0.12890625
3 0.76953125 0.0859375 0.3953125 0.171875
3 0.653125 0.19921875 0.13671875 0.171875
3 0.65625 0.515625 0.08828125 0.103125
3 0.7640625 0.67734375 0.052734375 0.0609375
3 0.78359375 0.59921875 0.0515625 0.076953125
3 0.8015625 0.47109375 0.071484375 0.0921875
3 0.82109375 0.6953125 0.04609375 0.06171875
3 0.903125 0.43984375 0.0515625 0.07421875
3 0.9046875 0.4875 0.03984375 0.046875
3 0.91015625 0.54296875 0.046875 0.073828125