3 0.37734375 0.7703125 0.14765625 0.18828125
3 0.1640625 0.353125 0.11015625 0.16328125
3 0.1921875 0.5234375 0.131640625 0.162890625
3 0.2515625 0.2859375 0.100390625 0.143359375
3 0.278125 0.40234375 0.13203125 0.140625
3 0.3125 0.55703125 0.14921875 0.173046875
3 0.2828125 0.68828125 0.08125 0.17578125
3 0.3 0.15703125 0.100390625 0.146875
3 0.3484375 0.3015625 0.08125 0.115625
3 0.37265625 0.64453125 0.08828125 0.0984375
3 0.384375 0.2015625 0.096875 0.13984375
3 0.3921875 0.41171875 0.087890625 0.126953125
3 0.4546875 0.29375 0.11875 0.127734375
3 0.4609375 0.5078125 0.13125 0.1671875
3 0.46953125 0.3890625 0.121875 0.1015625
3 0.471875 0.65234375 0.1015625 0.13671875
3 0.4984375 0.1875 0.109765625 0.115234375
3 0.5265625 0.7203125 0.124609375 0.153125
3 0.53671875 0.396875 0.07734375 0.11015625
3 0.55859375 0.11640625 0.10390625 0.12421875
3 0.56640625 0.30625 0.103125 0.14609375
3 0.5890625 0.55703125 0.128125 0.1515625
3 0.5875 0.21796875 0.09296875 0.09140625
3 0.60703125 0.4796875 0.094921875 0.11640625
3 0.6125 0.70703125 0.08125 0.126953125
3 0.615625 0.34765625 0.0625 0.12265625
3 0.65 0.171875 0.10078125 0.14296875
3 0.6546875 0.28515625 0.0625 0.084375
3 0.68359375 0.38984375 0.11171875 0.134375
3 0.69609375 0.1140625 0.0765625 0.093359375
3 0.71953125 0.63984375 0.109375 0.1375
3 0.73359375 0.2234375 0.0953125 0.1046875
3 0.7671875 0.321875 0.11640625 0.14296875
3 0.78125 0.5046875 0.11640625 0.16171875
3 0.79921875 0.6046875 0.0671875 0.112890625
3 0.85 0.38671875 0.08125 0.11015625
3 0.86875 0.484375 0.0984375 0.1375