2 0.034375 0.409375 0.0484375 0.0640625
2 0.0890625 0.4828125 0.05625 0.146875
2 0.1234375 0.3796875 0.034375 0.0546875
2 0.13359375 0.509375 0.0328125 0.0734375
2 0.22421875 0.46640625 0.05546875 0.17734375
2 0.29609375 0.51875 0.0328125 0.102734375
2 0.32578125 0.43515625 0.041796875 0.15
2 0.371875 0.453125 0.04296875 0.08359375
2 0.38984375 0.34765625 0.0203125 0.028125
2 0.40234375 0.40546875 0.023046875 0.086328125
2 0.44609375 0.5078125 0.029296875 0.049609375
2 0.46171875 0.5265625 0.019921875 0.034765625
2 0.48671875 0.3796875 0.045703125 0.147265625
2 0.50546875 0.5171875 0.0546875 0.18203125
2 0.55234375 0.42890625 0.051171875 0.10625
2 0.5859375 0.34375 0.019140625 0.069140625
2 0.61484375 0.3890625 0.026953125 0.04140625
2 0.68515625 0.475 0.0390625 0.05546875
2 0.75859375 0.49765625 0.035546875 0.1046875
2 0.77109375 0.30625 0.0375 0.034765625
2 0.7734375 0.353125 0.043359375 0.065625
2 0.7875 0.428125 0.034375 0.062890625
2 0.80703125 0.47890625 0.0359375 0.10078125
2 0.95 0.35703125 0.021875 0.040625