0 0.328125 0.578125 0.14453125 0.146875
0 0.0359375 0.59609375 0.071875 0.1171875
0 0.0375 0.52421875 0.075 0.075
0 0.22421875 0.5765625 0.116796875 0.15234375
0 0.3671875 0.5265625 0.1140625 0.146875
0 0.43046875 0.67734375 0.08203125 0.1109375
0 0.44296875 0.6421875 0.1015625 0.096875
0 0.478125 0.61015625 0.11640625 0.09140625
0 0.49609375 0.55078125 0.125 0.15859375
3 0.28671875 0.76328125 0.1359375 0.14921875
3 0.046875 0.71875 0.09375 0.140625
3 0.10546875 0.565625 0.115625 0.1546875
3 0.11328125 0.67734375 0.06640625 0.11796875
3 0.1421875 0.784375 0.10859375 0.05546875
3 0.18515625 0.715625 0.1203125 0.156640625
3 0.23515625 0.4765625 0.105078125 0.07109375
3 0.29921875 0.48359375 0.0515625 0.05625
3 0.3765625 0.70859375 0.112109375 0.180078125
3 0.4390625 0.47265625 0.08984375 0.1046875
3 0.53515625 0.50625 0.0953125 0.1296875