3 0.271875 0.153125 0.07578125 0.1125
3 0.05703125 0.05625 0.1140625 0.1125
3 0.046875 0.20703125 0.0859375 0.1484375
3 0.090625 0.15390625 0.0578125 0.06953125
3 0.10234375 0.5828125 0.0421875 0.06953125
3 0.22109375 0.12109375 0.0578125 0.1046875
3 0.3796875 0.45625 0.028125 0.02421875
3 0.38984375 0.41171875 0.045703125 0.040625
3 0.46796875 0.4984375 0.041796875 0.046875
3 0.465625 0.3484375 0.02421875 0.053125
3 0.52109375 0.45546875 0.019921875 0.046875
3 0.65859375 0.0484375 0.032421875 0.040625
3 0.69296875 0.0390625 0.021875 0.04453125
3 0.7296875 0.1703125 0.033984375 0.062890625
3 0.75625 0.10859375 0.025390625 0.05625