3 0.1890625 0.790625 0.0859375 0.1328125
3 0.0703125 0.94765625 0.05625 0.104296875
3 0.115625 0.97734375 0.10390625 0.04296875
3 0.14609375 0.89921875 0.06484375 0.07734375
3 0.190625 0.90078125 0.078125 0.063671875
3 0.17265625 0.9625 0.0390625 0.06328125
3 0.21796875 0.92578125 0.0703125 0.09453125
3 0.246875 0.84921875 0.08046875 0.06953125
3 0.2609375 0.7234375 0.06953125 0.115625
3 0.2828125 0.9671875 0.09921875 0.06328125
3 0.30625 0.884375 0.05546875 0.10390625
3 0.30625 0.77578125 0.03671875 0.08125
3 0.3234375 0.5796875 0.065234375 0.075
3 0.3390625 0.66796875 0.09609375 0.134375
3 0.36171875 0.9109375 0.0734375 0.1234375
3 0.3734375 0.47890625 0.096484375 0.115625
3 0.35546875 0.78671875 0.0265625 0.0953125
3 0.39453125 0.92265625 0.078125 0.1109375
3 0.38515625 0.79453125 0.0484375 0.12109375
3 0.37734375 0.61328125 0.0265625 0.0453125
3 0.40234375 0.39765625 0.06953125 0.09296875
3 0.4375 0.26953125 0.09296875 0.110546875
3 0.4390625 0.6796875 0.09453125 0.134375
3 0.4234375 0.81953125 0.027734375 0.098828125
3 0.45078125 0.8 0.0484375 0.097265625
3 0.46875 0.41796875 0.069140625 0.098046875
3 0.4734375 0.47890625 0.072265625 0.1046875
3 0.50625 0.696875 0.10859375 0.146875
3 0.5125 0.54921875 0.087109375 0.117578125
3 0.52578125 0.29453125 0.0625 0.1140625
3 0.54296875 0.421875 0.0671875 0.1375
3 0.54453125 0.06953125 0.04609375 0.1390625
3 0.58671875 0.16328125 0.0984375 0.098828125
3 0.59921875 0.53515625 0.1078125 0.1359375
3 0.57421875 0.0921875 0.05 0.0953125
3 0.63046875 0.34296875 0.1421875 0.203125
3 0.596875 0.028125 0.071875 0.05625
3 0.6359375 0.07265625 0.0734375 0.1453125
3 0.6625 0.21640625 0.0578125 0.08828125
3 0.69453125 0.4390625 0.1078125 0.140625
3 0.6953125 0.08984375 0.0921875 0.16875
3 0.71875 0.20859375 0.065625 0.1046875
3 0.734375 0.32890625 0.08828125 0.091796875
3 0.7328125 0.0234375 0.05390625 0.046484375
3 0.76875 0.11484375 0.05546875 0.1296875
3 0.8 0.24453125 0.096484375 0.16875
3 0.803125 0.0421875 0.09296875 0.084375
3 0.82734375 0.10234375 0.101953125 0.0921875
3 0.87734375 0.21484375 0.0953125 0.151171875