3 0.76875 0.88671875 0.19375 0.1734375
3 0.1875 0.5609375 0.23125 0.115625
3 0.20546875 0.4046875 0.2109375 0.103125
3 0.2171875 0.25078125 0.2125 0.1140625
3 0.2203125 0.1203125 0.21875 0.109375
3 0.221875 0.8546875 0.221875 0.190625
3 0.43515625 0.1703125 0.1484375 0.2375
3 0.53671875 0.6890625 0.1484375 0.16875
3 0.63046875 0.15 0.1171875 0.228125
3 0.65234375 0.39921875 0.1484375 0.1203125
3 0.7421875 0.52265625 0.159375 0.1171875
3 0.78046875 0.646875 0.1609375 0.11875
3 0.80625 0.14609375 0.140625 0.2328125
3 0.8203125 0.375 0.134375 0.125