5 0.0765625 0.59765625 0.08515625 0.165625
5 0.10703125 0.88046875 0.055078125 0.076171875
5 0.23828125 0.915625 0.136328125 0.166015625
5 0.228125 0.46953125 0.09765625 0.2828125
5 0.26015625 0.67265625 0.0828125 0.0609375
5 0.290625 0.10703125 0.09921875 0.130078125
5 0.30859375 0.54296875 0.0890625 0.14765625
5 0.34921875 0.66953125 0.07734375 0.11953125
5 0.4875 0.64140625 0.050390625 0.073046875
5 0.5359375 0.31953125 0.0828125 0.103125
5 0.5875 0.221875 0.087109375 0.108984375
5 0.725 0.53359375 0.0796875 0.0953125
5 0.778125 0.6625 0.0890625 0.146875
5 0.76875 0.33359375 0.065625 0.1421875
5 0.834375 0.36328125 0.115234375 0.170703125