1 0.390625 0.8890625 0.330859375 0.219140625
1 0.8015625 0.8265625 0.3953125 0.34453125
3 0.74296875 0.8046875 0.132421875 0.141015625
3 0.28125 0.73515625 0.1171875 0.1265625
3 0.428125 0.73203125 0.13203125 0.12109375
3 0.5453125 0.7296875 0.09765625 0.1671875
3 0.62890625 0.8078125 0.09609375 0.115625
3 0.66640625 0.7125 0.1078125 0.121484375
3 0.71484375 0.61953125 0.0734375 0.104296875
3 0.7828125 0.68359375 0.097265625 0.133203125
3 0.840625 0.6234375 0.06328125 0.115625
3 0.88046875 0.53125 0.0921875 0.112890625
3 0.946875 0.81640625 0.0984375 0.1671875
3 0.94765625 0.68671875 0.08046875 0.103125
3 0.9578125 0.6109375 0.04765625 0.028125
3 0.9734375 0.5546875 0.05234375 0.06640625