3 0.08359375 0.215625 0.1671875 0.26875
3 0.0484375 0.05 0.096875 0.09609375
3 0.140625 0.89609375 0.190234375 0.205078125
3 0.2515625 0.2828125 0.18984375 0.28046875
3 0.340625 0.0953125 0.190625 0.187890625
3 0.46953125 0.509375 0.1609375 0.23359375
3 0.50703125 0.10625 0.1703125 0.2125
3 0.53984375 0.86640625 0.128125 0.19375
3 0.6140625 0.9140625 0.11328125 0.1703125
3 0.68828125 0.3546875 0.0515625 0.11640625
3 0.7546875 0.72109375 0.16171875 0.18359375
3 0.76484375 0.4625 0.146875 0.18046875