3 0.06953125 0.19921875 0.1390625 0.3671875
3 0.11015625 0.8296875 0.2203125 0.191015625
3 0.14921875 0.56015625 0.2984375 0.444921875
3 0.19375 0.10390625 0.2671875 0.2078125
3 0.2546875 0.84765625 0.10234375 0.176171875
3 0.36484375 0.74296875 0.2734375 0.365625
3 0.359375 0.13671875 0.246875 0.196875
3 0.546875 0.0734375 0.2921875 0.146875
3 0.65859375 0.7078125 0.3328125 0.428125
3 0.815625 0.12734375 0.287109375 0.254296875
3 0.86875 0.3265625 0.25703125 0.447265625
3 0.88046875 0.7046875 0.2375 0.36171875
3 0.96875 0.046875 0.05546875 0.093359375