3 0.390625 0.1 0.03125 0.034375
3 0.4015625 0.05078125 0.02109375 0.0203125
3 0.55 0.1265625 0.06171875 0.015234375
3 0.56015625 0.046875 0.01484375 0.021875
3 0.60859375 0.059375 0.04140625 0.0234375
3 0.665625 0.00859375 0.03125 0.0171875
3 0.69296875 0.04921875 0.03828125 0.0171875
3 0.72734375 0.0109375 0.046875 0.01875
3 0.76484375 0.05078125 0.040625 0.036328125
3 0.7875 0.00859375 0.037890625 0.0171875
3 0.8953125 0.1375 0.00859375 0.01171875
3 0.92890625 0.134375 0.045703125 0.030859375
3 0.92421875 0.065625 0.0203125 0.02578125
3 0.96328125 0.0109375 0.066796875 0.021875
3 0.9578125 0.15703125 0.02890625 0.026953125