0 0.66796875 0.26796875 0.16640625 0.1578125
0 0.009375 0.3984375 0.01875 0.068359375
0 0.0171875 0.15859375 0.03359375 0.08984375
0 0.06015625 0.40078125 0.082421875 0.0921875
0 0.05390625 0.140625 0.053125 0.058984375
0 0.06015625 0.30546875 0.039453125 0.058203125
0 0.1359375 0.64921875 0.03984375 0.05546875
0 0.15078125 0.6890625 0.05703125 0.07265625
0 0.2375 0.03125 0.0625 0.0625
0 0.246875 0.31953125 0.071875 0.04609375
0 0.3171875 0.07265625 0.12109375 0.1359375
0 0.31875 0.2625 0.06796875 0.096875
0 0.5703125 0.3375 0.099609375 0.096875
0 0.58125 0.40390625 0.04921875 0.036328125
0 0.684375 0.4734375 0.1375 0.155859375
0 0.78046875 0.43359375 0.109375 0.14296875
0 0.7703125 0.7984375 0.075390625 0.09140625
0 0.928125 0.30234375 0.13828125 0.1625
0 0.93046875 0.4578125 0.135546875 0.15859375