3 0.0171875 0.40078125 0.034375 0.1265625
3 0.0203125 0.19765625 0.040625 0.0734375
3 0.02265625 0.271875 0.0453125 0.128125
3 0.02578125 0.13203125 0.0515625 0.0609375
3 0.075 0.75390625 0.15 0.2546875
3 0.10703125 0.9328125 0.2140625 0.13203125
3 0.1171875 0.54609375 0.21875 0.2453125
3 0.06328125 0.27890625 0.05625 0.09453125
3 0.096875 0.334375 0.1140625 0.121875
3 0.065625 0.184375 0.03671875 0.091015625
3 0.0859375 0.1734375 0.02109375 0.059375
3 0.1265625 0.27109375 0.071484375 0.069921875
3 0.13515625 0.22265625 0.0578125 0.0609375
3 0.16875 0.21171875 0.06015625 0.09296875
3 0.27265625 0.76953125 0.251953125 0.2890625
3 0.209375 0.3046875 0.103515625 0.075390625
3 0.2140625 0.24375 0.0640625 0.0453125
3 0.2859375 0.48828125 0.15 0.1921875
3 0.2765625 0.290625 0.05625 0.04765625
3 0.3109375 0.3453125 0.10625 0.1
3 0.38828125 0.90234375 0.2359375 0.1921875
3 0.359375 0.315625 0.05078125 0.094140625
3 0.3875 0.45390625 0.065234375 0.069921875
3 0.3921875 0.38359375 0.05625 0.070703125
3 0.42109375 0.32421875 0.060546875 0.048046875
3 0.4359375 0.4125 0.08515625 0.10703125
3 0.528125 0.43046875 0.15625 0.179296875
3 0.5796875 0.3125 0.122265625 0.134765625
3 0.59921875 0.89765625 0.12890625 0.20078125
3 0.615625 0.684375 0.153515625 0.277734375
3 0.675 0.4984375 0.1625 0.1828125
3 0.6421875 0.309375 0.06484375 0.1015625
3 0.66484375 0.34453125 0.101953125 0.070703125
3 0.70390625 0.9515625 0.064453125 0.08515625
3 0.7359375 0.26796875 0.122265625 0.136328125
3 0.7453125 0.69140625 0.12890625 0.24140625
3 0.821875 0.93984375 0.22109375 0.11640625
3 0.78359375 0.39375 0.1421875 0.20625
3 0.83515625 0.57578125 0.135546875 0.1921875
3 0.87578125 0.8375 0.216796875 0.256640625
3 0.8515625 0.18984375 0.08125 0.133203125
3 0.89609375 0.31328125 0.101953125 0.113671875
3 0.89765625 0.44453125 0.08515625 0.17265625
3 0.940625 0.7234375 0.116015625 0.221484375
3 0.95 0.56328125 0.09765625 0.14375
3 0.9609375 0.42265625 0.0609375 0.13828125
3 0.9640625 0.93125 0.06875 0.133984375
3 0.9671875 0.26328125 0.0625 0.1828125