3 0.6828125 0.53359375 0.1046875 0.13515625
3 0.0125 0.3875 0.015625 0.046875
3 0.02890625 0.396875 0.011328125 0.04453125
3 0.04765625 0.40078125 0.0078125 0.046875
3 0.053125 0.42265625 0.018359375 0.067578125
3 0.071875 0.42109375 0.018359375 0.061328125
3 0.0875 0.428125 0.0203125 0.05703125
3 0.10546875 0.45234375 0.0171875 0.05703125
3 0.14375 0.45625 0.030859375 0.06171875
3 0.16796875 0.46953125 0.03125 0.064453125
3 0.2015625 0.471875 0.03046875 0.06015625
3 0.22109375 0.48828125 0.0390625 0.0828125
3 0.2484375 0.50546875 0.025 0.0890625
3 0.2734375 0.51171875 0.034765625 0.0828125
3 0.31015625 0.515625 0.045703125 0.08828125
3 0.3453125 0.53828125 0.06875 0.0828125
3 0.34375 0.68359375 0.033984375 0.053125
3 0.34375 0.6390625 0.0203125 0.0671875
3 0.37265625 0.64609375 0.0375 0.073046875
3 0.37421875 0.7078125 0.034375 0.066015625
3 0.39296875 0.55703125 0.061328125 0.1171875
3 0.40625 0.4640625 0.04296875 0.075390625
3 0.42109375 0.665625 0.059375 0.08671875
3 0.421875 0.3734375 0.0578125 0.084375
3 0.42890625 0.290625 0.04375 0.06328125
3 0.4390625 0.753125 0.046484375 0.090234375
3 0.453125 0.57734375 0.065625 0.110546875
3 0.4578125 0.465625 0.055859375 0.08203125
3 0.46953125 0.38125 0.0703125 0.08828125
3 0.46875 0.29921875 0.0546875 0.0671875
3 0.4703125 0.7015625 0.046875 0.08984375
3 0.49140625 0.796875 0.0734375 0.094140625
3 0.51484375 0.59765625 0.0890625 0.11796875
3 0.51640625 0.490625 0.079296875 0.108984375
3 0.5171875 0.38828125 0.06640625 0.0828125
3 0.52734375 0.3078125 0.061328125 0.0875
3 0.53125 0.7171875 0.06328125 0.09921875
3 0.5578125 0.82578125 0.0703125 0.0890625
3 0.59765625 0.6234375 0.1171875 0.140234375
3 0.5953125 0.39765625 0.090234375 0.0984375
3 0.5859375 0.303125 0.06328125 0.07734375
3 0.6125 0.753125 0.10078125 0.106640625
3 0.6390625 0.865625 0.08984375 0.124609375
3 0.6609375 0.4171875 0.096875 0.130859375
3 0.65703125 0.3109375 0.0734375 0.084375
3 0.6953125 0.6703125 0.11640625 0.13046875
3 0.71640625 0.7828125 0.096875 0.11328125
3 0.74296875 0.30390625 0.0984375 0.120703125
3 0.771875 0.5703125 0.1 0.146875
3 0.809375 0.70234375 0.10546875 0.129296875
3 0.81640625 0.809375 0.090625 0.087890625
3 0.84375 0.33828125 0.134375 0.1546875
3 0.86328125 0.46015625 0.1140625 0.1140625
3 0.8796875 0.58828125 0.093359375 0.130078125
3 0.90390625 0.7265625 0.10078125 0.11796875