2 0.2671875 0.25625 0.34375 0.5125
2 0.2546875 0.540625 0.05859375 0.084375
2 0.50625 0.6578125 0.28046875 0.61875
2 0.44765625 0.2890625 0.0609375 0.0875
2 0.46015625 0.22578125 0.0484375 0.0828125
2 0.484375 0.43046875 0.07578125 0.0953125
2 0.4890625 0.35078125 0.0546875 0.0671875
2 0.50234375 0.30078125 0.05625 0.0671875
2 0.50546875 0.22890625 0.0546875 0.088671875
2 0.5515625 0.25625 0.05859375 0.055859375
2 0.56171875 0.30859375 0.059375 0.0859375
2 0.56875 0.1984375 0.071875 0.103515625
2 0.603125 0.359375 0.0578125 0.1